13,8445,5614,5604,8450,8503,8386,8442,8463,8462,8406,8440,5630,8475,8476,8441
14,8445,5614,5605,8450,8503,8385,8442,8462,8458,8407,8441,5629,8475,8476,8440
13,8445,5610,5610,8450,8503,8385,8442,8461,8459,8407,8443,5624,8474,8475,8440
13,8445,5614,5601,8450,8502,8385,8442,8462,8460,8408,8442,5628,8474,8476,8440
13,8445,5612,5604,8450,8503,8385,8442,8460,8461,8407,8441,5622,8474,8477,8440
13,8446,5613,5609,8450,8503,8385,8442,8462,8461,8408,8442,5626,8476,8476,8440
14,8446,5613,5601,8450,8502,8385,8442,8462,8462,8407,8442,5636,8475,8476,8440
14,8445,5611,5604,8450,8503,8385,8442,8462,8461,8409,8441,5629,8475,8475,8440
13,8445,5614,5607,8450,8503,8385,8442,8462,8461,8407,8442,5631,8474,8476,8440
13,8445,5615,5604,8450,8503,8386,8442,8462,8461,8408,8441,5631,8474,8476,8441
13,8445,5611,5602,8451,8503,8386,8442,8462,8460,8405,8442,5631,8475,8475,8440
13,8445,5609,5604,8451,8503,8386,8442,8463,8460,8406,8442,5628,8475,8476,8441
13,8446,5612,5602,8450,8502,8386,8442,8461,8459,8408,8440,5631,8475,8477,8440
13,8445,5609,5604,8450,8502,8385,8442,8462,8460,8406,8441,5626,8475,8475,8441
14,8445,5611,5605,8451,8503,8386,8442,8462,8460,8407,8440,5636,8474,8476,8440
13,8445,5613,5604,8450,8503,8386,8442,8461,8461,8408,8441,5629,8475,8476,8440
13,8445,5611,5604,8450,8503,8385,8442,8462,8460,8405,8442,5628,8475,8477,8440
13,8445,5614,5602,8451,8503,8386,8441,8462,8461,8406,8441,5628,8474,8476,8440
13,8445,5613,5605,8450,8502,8386,8442,8461,8460,8408,8442,5632,8474,8475,8441
13,8445,5613,5606,8450,8503,8386,8442,8461,8460,8407,8441,5629,8475,8477,8440
13,8445,5614,5601,8450,8503,8385,8442,8461,8460,8409,8442,5634,8474,8476,8440
13,8445,5613,5603,8450,8503,8385,8442,8461,8461,8407,8441,5632,8475,8476,8441
14,8445,5613,5602,8450,8503,8385,8442,8462,8461,8406,8443,5626,8474,8476,8440
14,8445,5615,5610,8450,8503,8385,8442,8461,8462,8406,8441,5632,8474,8476,8441
12,8445,5612,5614,8450,8503,8385,8442,8461,8460,8407,8442,5634,8475,8476,8441
13,8445,5616,5617,8451,8503,8386,8442,8461,8461,8408,8443,5630,8474,8477,8441
13,8445,5616,5613,8450,8504,8386,8442,8463,8461,8408,8442,5634,8475,8477,8441
13,8446,5619,5614,8451,8504,8386,8443,8464,8459,8407,8442,5631,8475,8478,8442
13,8446,5617,5617,8452,8504,8388,8450,8458,8457,8403,8432,5625,8457,8454,8410
13,8413,5609,5612,8406,8448,8330,8394,8441,8453,8386,8406,5620,8473,8470,8423
13,8387,5593,5592,8377,8427,8306,8365,8388,8410,8366,8371,5606,8424,8408,8369
14,8377,5589,5588,8396,8452,8334,8388,8407,8426,8380,8383,5608,8433,8415,8372
13,8360,5582,5582,8374,8433,8318,8376,8399,8421,8375,8375,5609,8429,8415,8377
13,8382,5592,5585,8385,8439,8322,8380,8407,8428,8382,8389,5612,8434,8422,8384
13,8393,5596,5589,8398,8453,8337,8394,8419,8437,8391,8397,5619,8442,8432,8394
13,8397,5594,5590,8401,8455,8338,8393,8415,8436,8389,8395,5612,8438,8429,8393
13,8398,5598,5587,8402,8459,8341,8398,8421,8440,8393,8398,5614,8439,8426,8387
13,8389,5592,5589,8394,8450,8332,8389,8414,8431,8385,8390,5612,8434,8429,8392
13,8394,5596,5591,8400,8455,8337,8394,8419,8436,8388,8396,5616,8438,8433,8396
13,8401,5594,5589,8406,8461,8343,8400,8420,8442,8394,8401,5613,8441,8436,8399
13,8402,5598,5589,8406,8461,8344,8401,8424,8444,8396,8403,5616,8443,8439,8403
14,8407,5599,5594,8410,8465,8348,8405,8429,8445,8399,8406,5614,8443,8440,8403
14,8404,5601,5591,8408,8462,8344,8401,8423,8439,8393,8399,5613,8437,8433,8399
14,8402,5600,5589,8406,8461,8343,8400,8423,8439,8392,8398,5620,8436,8433,8398
13,8399,5593,5588,8403,8458,8340,8397,8420,8438,8390,8399,5617,8437,8433,8398
13,8402,5599,5592,8407,8462,8344,8401,8425,8442,8392,8403,5619,8439,8437,8402
13,8406,5601,5592,8410,8464,8347,8405,8427,8444,8396,8402,5617,8441,8439,8404
13,8409,5601,5596,8414,8468,8350,8407,8430,8448,8401,8408,5616,8443,8442,8407
13,8411,5601,5597,8416,8470,8352,8409,8435,8447,8399,8410,5617,8445,8444,8407
13,8413,5604,5596,8416,8471,8353,8410,8432,8447,8402,8411,5622,8447,8445,8409
13,8413,5603,5595,8418,8473,8355,8412,8435,8451,8403,8412,5618,8447,8447,8410
13,8415,5604,5596,8419,8473,8355,8413,8437,8450,8404,8413,5617,8447,8448,8411
14,8415,5604,5594,8419,8473,8355,8413,8435,8451,8401,8413,5621,8448,8447,8411
13,8415,5602,5594,8419,8473,8355,8412,8436,8450,8401,8412,5621,8446,8447,8411
13,8414,5603,5596,8419,8473,8355,8412,8435,8450,8403,8414,5624,8446,8447,8411
13,8414,5602,5597,8418,8472,8354,8411,8436,8447,8400,8411,5618,8444,8446,8410
13,8413,5603,5594,8417,8471,8353,8410,8432,8449,8400,8411,5623,8445,8445,8409
13,8413,5603,5595,8417,8471,8354,8411,8434,8448,8399,8411,5621,8443,8446,8410
13,8413,5602,5596,8417,8471,8353,8410,8432,8446,8401,8411,5623,8443,8444,8408
13,8412,5604,5593,8415,8470,8352,8408,8433,8446,8397,8409,5621,8442,8443,8408
13,8411,5603,5593,8416,8470,8352,8409,8433,8445,8400,8410,5623,8431,8425,8394
14,8402,5594,5591,8410,8463,8348,8406,8446,8444,8380,8415,5626,8436,8447,8436
14,8409,5590,5580,8404,8450,8333,8392,8410,8410,8350,8393,5605,8404,8416,8397
13,8401,5586,5577,8408,8460,8344,8400,8420,8414,8360,8400,5607,8413,8425,8396
13,8405,5588,5578,8410,8463,8346,8402,8424,8415,8364,8402,5617,8418,8434,8403
13,8408,5592,5583,8414,8466,8349,8405,8425,8418,8365,8406,5614,8423,8437,8405
13,8410,5595,5586,8415,8468,8350,8407,8426,8420,8366,8410,5614,8426,8440,8407
13,8411,5593,5584,8416,8468,8352,8408,8428,8420,8367,8408,5621,8428,8442,8407
13,8411,5594,5589,8416,8468,8352,8408,8428,8421,8368,8410,5617,8429,8441,8406
14,8411,5600,5595,8416,8469,8352,8409,8427,8421,8367,8409,5621,8431,8442,8407
13,8412,5600,5592,8417,8469,8352,8409,8429,8424,8369,8407,5619,8433,8442,8407
13,8411,5601,5595,8416,8469,8352,8408,8427,8420,8367,8407,5615,8433,8442,8407
13,8412,5603,5594,8417,8469,8352,8409,8427,8420,8363,8407,5626,8434,8442,8407
13,8412,5603,5593,8417,8469,8353,8409,8427,8421,8367,8410,5619,8435,8442,8406
14,8412,5601,5594,8417,8469,8353,8409,8430,8422,8366,8408,5620,8436,8443,8408
13,8412,5603,5596,8417,8469,8352,8409,8428,8421,8368,8409,5619,8436,8443,8408
14,8412,5599,5591,8417,8469,8353,8409,8427,8421,8367,8407,5624,8437,8442,8407
14,8412,5603,5594,8417,8468,8352,8409,8428,8423,8368,8409,5621,8438,8442,8407
13,8412,5601,5598,8417,8469,8352,8409,8429,8422,8368,8409,5620,8438,8442,8406
13,8413,5602,5593,8417,8470,8352,8409,8428,8420,8371,8407,5620,8438,8443,8408
13,8412,5600,5594,8417,8469,8352,8409,8426,8421,8367,8407,5616,8438,8442,8407
13,8412,5597,5595,8417,8469,8352,8409,8427,8420,8368,8408,5622,8438,8442,8407
14,8413,5601,5595,8417,8469,8353,8409,8429,8422,8368,8408,5620,8438,8442,8407
13,8412,5602,5596,8417,8469,8353,8409,8430,8422,8369,8408,5619,8439,8442,8407
14,8412,5602,5597,8417,8469,8353,8409,8428,8422,8369,8410,5619,8440,8442,8408
13,8412,5603,5595,8417,8469,8352,8409,8427,8423,8368,8409,5612,8440,8442,8407
13,8412,5602,5593,8417,8469,8352,8410,8428,8423,8368,8407,5617,8440,8442,8408
14,8412,5600,5593,8417,8469,8353,8409,8428,8425,8368,8408,5621,8440,8442,8407
13,8412,5601,5598,8417,8470,8353,8409,8429,8423,8367,8409,5622,8440,8443,8407
13,8413,5602,5595,8417,8469,8353,8409,8430,8422,8367,8410,5611,8440,8442,8408
13,8412,5604,5595,8417,8469,8353,8409,8429,8422,8365,8411,5624,8441,8442,8408
13,8412,5602,5596,8417,8469,8352,8408,8429,8423,8371,8407,5621,8440,8443,8408
13,8412,5602,5594,8417,8469,8353,8409,8426,8423,8368,8409,5622,8441,8442,8407
13,8411,5601,5593,8416,8469,8351,8408,8425,8422,8368,8408,5617,8440,8441,8406
13,8411,5602,5595,8416,8468,8351,8408,8428,8421,8369,8408,5612,8439,8442,8406
13,8412,5601,5595,8416,8468,8352,8408,8427,8422,8368,8409,5621,8439,8442,8406
13,8412,5601,5589,8416,8468,8351,8408,8427,8422,8365,8405,5620,8439,8441,8405
13,8411,5602,5591,8416,8468,8351,8407,8427,8422,8369,8409,5620,8439,8441,8406
13,8411,5600,5597,8416,8468,8351,8407,8428,8421,8367,8408,5619,8439,8442,8407
13,8411,5600,5594,8416,8469,8351,8408,8428,8422,8368,8408,5623,8438,8442,8406
13,8411,5598,5591,8416,8468,8351,8408,8428,8423,8366,8408,5619,8440,8441,8406
13,8412,5602,5594,8416,8468,8352,8407,8428,8421,8368,8407,5624,8440,8442,8407
13,8412,5600,5597,8416,8469,8351,8408,8428,8423,8369,8409,5618,8440,8441,8406
14,8411,5603,5592,8416,8468,8351,8408,8428,8424,8368,8406,5619,8441,8441,8405
13,8412,5601,5596,8417,8468,8352,8408,8429,8423,8368,8406,5613,8441,8442,8407
13,8413,5601,5598,8418,8470,8354,8410,8433,8425,8372,8412,5626,8443,8447,8411
14,8423,5604,5593,8430,8483,8367,8423,8443,8438,8384,8423,5628,8455,8457,8423
13,8425,5604,5601,8430,8482,8364,8420,8437,8434,8378,8420,5617,8449,8451,8418
13,8426,5606,5601,8430,8482,8366,8422,8442,8437,8382,8419,5623,8454,8456,8420
13,8426,5608,5598,8431,8483,8366,8422,8441,8438,8383,8422,5622,8455,8456,8421
13,8426,5606,5597,8431,8483,8366,8422,8443,8437,8383,8423,5625,8455,8457,8421
13,8426,5604,5601,8431,8484,8367,8423,8444,8437,8384,8422,5621,8454,8457,8423
12,8427,5604,5601,8432,8485,8368,8423,8442,8437,8382,8425,5624,8457,8458,8423
13,8429,5605,5599,8433,8486,8369,8426,8445,8442,8388,8425,5618,8458,8460,8424
13,8429,5607,5601,8435,8487,8370,8426,8446,8444,8384,8425,5623,8459,8459,8425
13,8431,5608,5601,8436,8489,8372,8428,8450,8446,8389,8428,5625,8460,8463,8427
12,8433,5608,5601,8438,8491,8373,8430,8449,8446,8390,8429,5632,8462,8464,8429
14,8434,5606,5600,8440,8492,8374,8431,8451,8446,8390,8429,5626,8462,8464,8429
13,8435,5608,5604,8440,8492,8375,8431,8452,8449,8392,8431,5630,8464,8465,8430
14,8436,5612,5602,8440,8492,8375,8432,8455,8447,8395,8434,5626,8465,8468,8432
13,8438,5612,5599,8442,8495,8377,8434,8453,8447,8395,8435,5628,8467,8469,8433
13,8438,5613,5599,8442,8495,8378,8435,8454,8448,8394,8434,5629,8466,8468,8434
14,8439,5612,5609,8444,8496,8378,8435,8455,8451,8397,8435,5626,8467,8469,8434
13,8439,5607,5602,8444,8496,8379,8435,8454,8452,8397,8438,5627,8468,8470,8434
13,8439,5611,5598,8444,8496,8379,8435,8456,8450,8396,8434,5625,8468,8469,8434
14,8439,5608,5602,8444,8496,8379,8436,8455,8448,8397,8436,5629,8468,8470,8434
13,8440,5611,5601,8444,8497,8379,8436,8456,8450,8396,8436,5629,8467,8471,8435
13,8439,5609,5603,8445,8497,8379,8436,8455,8452,8397,8436,5625,8468,8469,8435
14,8439,5611,5605,8444,8496,8379,8436,8457,8452,8396,8436,5623,8468,8470,8435
13,8440,5612,5607,8444,8497,8379,8436,8456,8453,8396,8437,5636,8468,8471,8435
14,8440,5613,5602,8445,8497,8380,8436,8456,8453,8396,8437,5627,8468,8469,8436
13,8439,5610,5601,8445,8497,8380,8436,8456,8452,8397,8436,5629,8469,8470,8435
13,8440,5612,5604,8445,8497,8380,8436,8455,8452,8398,8437,5625,8469,8470,8436
14,8440,5611,5602,8445,8498,8380,8437,8456,8453,8399,8437,5631,8468,8471,8436
13,8441,5611,5601,8446,8497,8380,8437,8456,8453,8398,8435,5629,8469,8470,8435
13,8440,5609,5602,8445,8497,8380,8437,8457,8454,8398,8437,5630,8470,8471,8436
13,8440,5611,5604,8445,8498,8380,8437,8457,8452,8397,8436,5633,8469,8471,8436
13,8440,5612,5601,8446,8498,8381,8437,8457,8453,8398,8436,5625,8469,8471,8436
13,8440,5613,5607,8445,8497,8380,8436,8456,8453,8398,8436,5631,8468,8469,8434
13,8440,5609,5612,8445,8497,8379,8436,8456,8452,8398,8435,5626,8468,8469,8434
13,8440,5612,5609,8445,8497,8380,8437,8457,8451,8397,8436,5628,8469,8469,8435
13,8437,5612,5611,8443,8495,8378,8434,8455,8450,8395,8434,5630,8465,8465,8432
13,8435,5611,5614,8440,8492,8375,8431,8449,8443,8391,8428,5625,8454,8456,8420
13,8422,5611,5612,8427,8480,8363,8418,8436,8434,8378,8414,5622,8448,8449,8413
13,8428,5611,5612,8442,8483,8379,8436,8454,8450,8401,8441,5631,8479,8493,8475
13,8427,5611,5616,8434,8488,8367,8427,8460,8461,8411,8431,5631,8486,8483,8454
14,8435,5608,5608,8437,8493,8372,8431,8460,8465,8416,8432,5624,8483,8476,8455
13,8434,5611,5603,8436,8492,8371,8430,8460,8466,8415,8433,5624,8480,8470,8454
13,8434,5609,5603,8437,8493,8371,8431,8459,8466,8415,8434,5620,8477,8468,8454
13,8436,5609,5604,8437,8494,8372,8431,8462,8467,8415,8432,5627,8476,8469,8455
13,8436,5611,5600,8438,8494,8372,8432,8462,8467,8418,8434,5626,8477,8469,8458
13,8438,5610,5603,8441,8497,8375,8434,8464,8470,8418,8435,5629,8478,8470,8459
14,8439,5612,5602,8441,8497,8375,8434,8466,8468,8420,8434,5623,8476,8470,8459
13,8438,5610,5602,8440,8496,8374,8433,8465,8466,8417,8436,5627,8475,8468,8456
13,8437,5610,5604,8439,8495,8373,8432,8464,8464,8415,8433,5629,8472,8468,8457
13,8436,5609,5601,8439,8494,8372,8432,8465,8468,8417,8430,5629,8472,8467,8456
13,8437,5611,5605,8439,8495,8373,8432,8464,8466,8417,8430,5626,8471,8469,8458
13,8437,5611,5599,8439,8495,8374,8433,8468,8466,8414,8434,5624,8472,8469,8458
14,8438,5612,5601,8440,8495,8374,8434,8466,8468,8415,8435,5628,8471,8469,8458
13,8438,5607,5604,8440,8496,8374,8434,8466,8466,8418,8437,5627,8471,8469,8459
13,8438,5613,5602,8440,8497,8375,8434,8464,8467,8417,8436,5628,8471,8470,8459
13,8439,5613,5601,8441,8496,8375,8434,8465,8470,8417,8435,5634,8472,8470,8459
13,8439,5611,5604,8441,8497,8375,8435,8464,8470,8417,8434,5628,8470,8469,8459
13,8439,5611,5607,8442,8498,8376,8435,8465,8470,8419,8436,5629,8472,8471,8459
14,8440,5612,5601,8442,8498,8377,8437,8466,8471,8419,8438,5623,8472,8472,8460
13,8440,5613,5605,8443,8498,8377,8436,8469,8469,8416,8437,5631,8472,8472,8461
14,8441,5611,5604,8444,8499,8378,8437,8468,8469,8420,8437,5628,8471,8473,8461
13,8441,5613,5607,8444,8500,8378,8437,8468,8470,8419,8438,5630,8473,8473,8461
13,8442,5613,5602,8444,8500,8378,8437,8468,8467,8420,8439,5631,8473,8473,8462
12,8442,5611,5602,8445,8500,8379,8437,8468,8471,8419,8438,5628,8473,8474,8462
13,8442,5611,5605,8444,8500,8379,8438,8469,8471,8421,8436,5627,8473,8474,8461
14,8442,5615,5602,8445,8500,8378,8438,8470,8471,8417,8440,5629,8473,8473,8462
14,8442,5612,5605,8445,8500,8378,8438,8472,8470,8420,8437,5628,8473,8473,8462
13,8443,5612,5606,8445,8500,8379,8439,8471,8465,8420,8439,5634,8472,8473,8462
13,8442,5614,5604,8445,8500,8378,8438,8468,8469,8420,8438,5630,8473,8473,8462
13,8442,5611,5605,8445,8500,8379,8438,8469,8469,8420,8439,5630,8472,8473,8462
13,8441,5612,5605,8445,8499,8378,8437,8472,8469,8412,8438,5626,8463,8469,8466
13,8453,5606,5595,8457,8501,8391,8445,8451,8442,8382,8420,5623,8427,8425,8410
13,8419,5593,5587,8429,8482,8361,8417,8436,8433,8377,8420,5616,8436,8443,8421
13,8423,5594,5584,8429,8480,8363,8420,8441,8431,8377,8420,5624,8438,8449,8421
14,8426,5598,5588,8431,8483,8366,8422,8442,8436,8381,8422,5621,8442,8453,8422
13,8428,5598,5590,8433,8484,8367,8424,8443,8437,8382,8422,5618,8445,8456,8422
13,8428,5597,5592,8433,8484,8367,8425,8441,8437,8382,8423,5620,8447,8457,8422
14,8429,5599,5592,8434,8486,8369,8425,8446,8439,8382,8424,5625,8449,8458,8423
14,8429,5604,5598,8434,8486,8370,8426,8444,8439,8382,8428,5625,8450,8460,8424
14,8430,5607,5601,8435,8487,8370,8427,8446,8440,8384,8425,5625,8452,8460,8424
13,8430,5607,5601,8435,8486,8370,8426,8446,8440,8385,8425,5628,8453,8460,8425
13,8430,5612,5597,8435,8487,8370,8427,8446,8437,8384,8426,5628,8454,8460,8424
13,8431,5607,5600,8436,8487,8371,8427,8451,8439,8384,8427,5626,8454,8461,8425
13,8431,5606,5598,8436,8487,8371,8428,8449,8440,8384,8429,5626,8455,8460,8426
13,8430,5607,5602,8437,8487,8371,8427,8447,8441,8387,8429,5619,8456,8462,8425
13,8431,5605,5601,8436,8488,8371,8428,8447,8441,8389,8428,5622,8456,8461,8426
13,8430,5607,5601,8436,8488,8371,8428,8447,8443,8386,8429,5629,8456,8460,8426
13,8431,5608,5599,8437,8488,8371,8428,8448,8438,8387,8427,5624,8458,8462,8425
13,8432,5608,5601,8437,8488,8372,8428,8448,8441,8387,8430,5624,8458,8461,8426
13,8431,5605,5599,8437,8488,8372,8428,8449,8441,8387,8429,5624,8458,8461,8426
13,8431,5610,5601,8437,8488,8372,8428,8448,8440,8387,8429,5625,8458,8461,8427
14,8432,5608,5599,8437,8488,8372,8428,8446,8442,8386,8428,5627,8458,8462,8427
13,8432,5610,5601,8437,8489,8372,8429,8447,8439,8387,8428,5622,8459,8462,8426
13,8432,5605,5601,8438,8489,8372,8429,8450,8441,8388,8426,5629,8459,8462,8427
14,8431,5608,5601,8437,8488,8372,8429,8448,8443,8386,8430,5624,8460,8461,8426
13,8432,5611,5601,8437,8488,8372,8429,8446,8444,8388,8427,5625,8459,8462,8426
13,8432,5605,5601,8437,8489,8372,8429,8450,8443,8388,8428,5622,8460,8462,8427
13,8432,5608,5601,8438,8489,8372,8429,8448,8443,8387,8430,5624,8459,8462,8427
13,8432,5606,5601,8437,8489,8372,8429,8449,8440,8386,8428,5626,8460,8462,8427
13,8433,5608,5601,8437,8489,8372,8429,8448,8444,8387,8428,5626,8460,8462,8427
13,8433,5609,5599,8438,8489,8373,8429,8448,8442,8389,8428,5626,8460,8463,8427
14,8433,5607,5601,8438,8489,8372,8429,8449,8442,8389,8429,5623,8461,8463,8427
13,8433,5607,5601,8438,8490,8372,8430,8448,8444,8385,8430,5625,8461,8463,8428
13,8433,5610,5598,8438,8489,8373,8430,8447,8444,8390,8429,5629,8460,8462,8428
13,8433,5607,5602,8439,8490,8373,8429,8450,8443,8391,8430,5620,8461,8463,8427
13,8433,5607,5602,8438,8490,8374,8430,8448,8445,8388,8428,5623,8461,8463,8427
13,8433,5609,5598,8438,8490,8373,8430,8450,8446,8387,8428,5625,8461,8463,8428
13,8433,5609,5601,8438,8490,8373,8430,8444,8445,8389,8429,5629,8461,8463,8427
13,8433,5608,5601,8438,8489,8373,8430,8451,8443,8387,8427,5623,8461,8463,8427
13,8433,5609,5600,8438,8489,8373,8430,8449,8442,8390,8426,5623,8462,8463,8427
13,8433,5611,5601,8438,8489,8373,8430,8450,8444,8389,8427,5625,8460,8462,8427
13,8419,5606,5597,8422,8473,8352,8406,8419,8416,8358,8393,5609,8425,8429,8397
13,8413,5602,5595,8414,8468,8352,8410,8428,8425,8371,8411,5620,8444,8443,8400
14,8388,5590,5586,8391,8443,8326,8384,8401,8398,8343,8386,5608,8415,8417,8383
13,8400,5598,5590,8408,8461,8348,8406,8425,8421,8368,8406,5615,8434,8437,8394
13,8401,5595,5588,8390,8442,8328,8383,8409,8396,8338,8380,5607,8404,8403,8365
14,8356,5580,5573,8364,8415,8303,8360,8380,8375,8330,8378,5608,8411,8415,8381
14,8395,5592,5586,8398,8449,8334,8390,8408,8404,8351,8390,5614,8423,8424,8389
13,8394,5594,5587,8396,8447,8331,8387,8404,8399,8342,8381,5610,8414,8415,8380
14,8386,5592,5584,8391,8442,8325,8382,8401,8397,8341,8379,5606,8411,8413,8376
13,8378,5586,5581,8383,8434,8317,8374,8394,8388,8334,8372,5608,8406,8407,8372
13,8375,5587,5583,8382,8433,8318,8373,8393,8387,8336,8373,5599,8404,8405,8370
13,8374,5587,5582,8378,8429,8313,8370,8388,8383,8330,8370,5605,8402,8404,8370
13,8373,5583,5582,8379,8429,8314,8370,8389,8383,8329,8369,5604,8402,8404,8369
13,8378,5588,5582,8385,8436,8320,8377,8397,8392,8338,8377,5605,8411,8413,8379
13,8387,5592,5586,8391,8443,8327,8384,8403,8399,8344,8384,5614,8415,8418,8382
13,8388,5590,5588,8394,8445,8329,8386,8405,8400,8346,8385,5612,8419,8420,8384
13,8390,5592,5587,8396,8447,8330,8387,8407,8403,8347,8386,5609,8420,8421,8386
13,8390,5593,5587,8396,8447,8331,8387,8406,8401,8348,8388,5611,8420,8422,8387
12,8391,5594,5588,8396,8448,8332,8388,8406,8404,8349,8389,5615,8421,8422,8387
14,8391,5594,5583,8396,8447,8331,8387,8406,8402,8347,8387,5611,8418,8420,8386
12,8390,5593,5585,8395,8446,8330,8387,8405,8404,8347,8386,5616,8419,8420,8384
13,8390,5588,5588,8395,8446,8330,8386,8405,8400,8347,8387,5610,8419,8419,8384
13,8389,5590,5588,8394,8446,8329,8385,8404,8399,8345,8385,5612,8418,8419,8384
13,8388,5590,5587,8394,8445,8329,8385,8404,8399,8344,8383,5613,8417,8418,8383
14,8388,5592,5587,8393,8444,8328,8384,8405,8399,8343,8382,5606,8416,8418,8383
13,8387,5590,5587,8392,8443,8327,8384,8402,8399,8345,8381,5614,8416,8418,8382
13,8387,5592,5583,8392,8443,8327,8383,8403,8395,8345,8381,5607,8414,8416,8381
13,8386,5590,5585,8391,8442,8327,8382,8403,8399,8345,8382,5614,8415,8416,8382
14,8387,5590,5587,8392,8444,8328,8384,8404,8399,8345,8381,5608,8416,8417,8382
14,8388,5592,5586,8394,8444,8328,8384,8403,8400,8345,8386,5611,8417,8417,8383
13,8387,5592,5587,8393,8444,8327,8384,8402,8399,8345,8382,5610,8416,8418,8383
13,8387,5590,5586,8393,8444,8328,8384,8404,8400,8345,8384,5612,8416,8417,8382
12,8387,5591,5585,8392,8443,8327,8384,8403,8398,8344,8382,5607,8416,8417,8381
13,8386,5589,5586,8392,8443,8327,8383,8403,8398,8344,8383,5608,8414,8416,8380
13,8386,5589,5586,8392,8442,8327,8382,8402,8398,8345,8381,5614,8415,8417,8381
14,8386,5592,5586,8392,8443,8327,8383,8401,8399,8344,8381,5608,8414,8416,8381
13,8380,5588,5582,8385,8437,8321,8378,8397,8394,8339,8378,5608,8410,8412,8375
13,8382,5591,5587,8387,8438,8322,8378,8397,8391,8341,8377,5607,8410,8412,8376
13,8380,5591,5587,8386,8438,8321,8376,8393,8390,8337,8374,5605,8407,8410,8374
13,8377,5592,5593,8385,8437,8321,8378,8397,8393,8339,8375,5613,8410,8411,8377
14,8390,5596,5598,8396,8447,8332,8388,8408,8405,8348,8388,5615,8424,8421,8386
14,8386,5594,5599,8392,8443,8327,8384,8403,8400,8347,8382,5614,8413,8413,8373
13,8382,5594,5600,8390,8443,8324,8378,8399,8396,8343,8380,5617,8414,8413,8379
13,8421,5609,5609,8431,8486,8378,8429,8448,8439,8374,8412,5617,8448,8462,8435
12,8433,5610,5614,8444,8498,8380,8439,8473,8473,8415,8443,5625,8492,8491,8463
13,8447,5614,5608,8450,8503,8384,8441,8475,8473,8415,8440,5629,8487,8481,8459
14,8444,5614,5605,8447,8501,8381,8440,8471,8470,8414,8440,5634,8485,8477,8459
13,8446,5610,5604,8449,8502,8382,8440,8474,8474,8414,8441,5630,8484,8477,8461
13,8446,5611,5604,8451,8503,8383,8441,8477,8474,8415,8441,5628,8484,8476,8461
12,8446,5611,5604,8449,8502,8382,8440,8474,8472,8415,8439,5626,8481,8475,8459
13,8445,5614,5602,8448,8500,8380,8438,8472,8469,8412,8439,5626,8478,8473,8457
13,8443,5610,5601,8446,8498,8379,8436,8471,8470,8412,8437,5631,8477,8471,8457
13,8441,5608,5602,8445,8498,8378,8436,8472,8468,8411,8435,5629,8474,8471,8454
13,8442,5611,5600,8444,8497,8378,8436,8470,8468,8411,8435,5628,8473,8469,8455
14,8440,5611,5601,8444,8496,8377,8434,8469,8468,8408,8435,5625,8472,8468,8453
14,8445,5611,5603,8448,8502,8382,8439,8472,8471,8414,8441,5631,8476,8475,8458
13,8446,5612,5605,8449,8502,8382,8440,8473,8473,8414,8440,5630,8477,8476,8459
14,8445,5611,5601,8449,8501,8381,8439,8473,8471,8412,8440,5623,8476,8474,8460
13,8445,5611,5601,8449,8501,8382,8439,8475,8471,8413,8438,5628,8476,8474,8459
13,8445,5612,5605,8449,8501,8382,8439,8474,8470,8413,8442,5630,8475,8474,8459
14,8445,5613,5606,8448,8501,8381,8439,8473,8472,8413,8440,5628,8474,8473,8458
13,8445,5608,5602,8448,8501,8381,8439,8473,8470,8413,8441,5626,8474,8474,8459
13,8445,5612,5607,8449,8501,8382,8439,8474,8472,8413,8438,5630,8473,8474,8459
14,8444,5613,5605,8448,8501,8381,8439,8473,8470,8412,8439,5629,8474,8473,8458
13,8444,5612,5602,8448,8500,8381,8438,8474,8471,8411,8438,5631,8473,8473,8458
12,8445,5609,5604,8449,8501,8382,8439,8475,8469,8413,8439,5626,8474,8475,8459
13,8446,5612,5606,8449,8502,8382,8440,8476,8472,8414,8440,5628,8475,8474,8460
13,8446,5611,5599,8449,8502,8382,8439,8471,8470,8411,8441,5627,8474,8475,8459
13,8445,5616,5602,8449,8501,8382,8440,8474,8470,8414,8439,5626,8474,8473,8459
13,8445,5612,5607,8449,8501,8382,8439,8473,8469,8411,8437,5635,8473,8474,8458
13,8445,5614,5600,8448,8501,8382,8439,8474,8470,8412,8442,5629,8472,8474,8459
13,8445,5610,5602,8449,8501,8382,8439,8475,8470,8413,8440,5632,8474,8474,8458
14,8445,5611,5605,8449,8500,8382,8439,8472,8466,8412,8439,5628,8473,8474,8458
12,8445,5612,5602,8448,8501,8381,8439,8473,8469,8413,8437,5624,8473,8474,8459
13,8444,5612,5601,8448,8501,8382,8439,8473,8470,8411,8440,5626,8474,8470,8448
13,8444,5606,5596,8446,8494,8382,8436,8462,8453,8399,8436,5628,8460,8460,8446
13,8402,5585,5576,8403,8454,8339,8392,8406,8396,8340,8377,5607,8398,8399,8382
13,8390,5582,5570,8395,8445,8331,8389,8411,8402,8351,8393,5608,8412,8419,8390
13,8397,5585,5578,8403,8454,8338,8394,8413,8407,8354,8395,5610,8418,8427,8394
14,8404,5589,5583,8410,8461,8345,8401,8420,8413,8361,8401,5620,8425,8434,8400
13,8407,5591,5582,8414,8465,8349,8406,8424,8419,8365,8405,5614,8430,8439,8404
13,8411,5596,5589,8418,8468,8352,8409,8429,8423,8368,8409,5614,8433,8442,8406
13,8413,5594,5590,8420,8470,8355,8411,8430,8425,8371,8411,5616,8435,8445,8409
13,8415,5601,5592,8420,8471,8355,8412,8430,8424,8370,8413,5622,8438,8445,8410
12,8416,5603,5597,8421,8472,8356,8413,8428,8425,8374,8411,5620,8440,8446,8411
13,8417,5604,5596,8422,8472,8357,8413,8430,8425,8372,8411,5622,8441,8446,8411
13,8417,5601,5598,8422,8473,8357,8414,8434,8426,8372,8413,5621,8442,8447,8410
13,8417,5603,5595,8422,8473,8357,8414,8432,8426,8373,8413,5614,8443,8446,8412
14,8417,5602,5591,8423,8473,8357,8414,8433,8426,8374,8412,5619,8442,8447,8413
13,8418,5603,5598,8424,8474,8358,8415,8433,8426,8373,8415,5624,8444,8448,8412
14,8418,5603,5597,8424,8474,8358,8415,8432,8427,8377,8413,5625,8444,8447,8412
13,8419,5602,5593,8424,8474,8358,8415,8435,8428,8375,8413,5618,8444,8447,8412
13,8418,5603,5598,8424,8475,8359,8415,8435,8428,8374,8414,5623,8444,8449,8413
13,8419,5604,5599,8425,8474,8359,8416,8435,8429,8376,8414,5622,8445,8448,8413
13,8419,5602,5596,8425,8475,8360,8416,8435,8428,8374,8415,5624,8445,8450,8413
14,8419,5604,5596,8425,8475,8360,8416,8436,8428,8376,8415,5620,8446,8449,8413
13,8420,5604,5597,8425,8476,8360,8416,8435,8429,8377,8415,5623,8447,8449,8413
13,8420,5602,5596,8425,8476,8360,8417,8434,8429,8377,8416,5621,8447,8450,8413
14,8420,5605,5596,8426,8477,8360,8417,8433,8432,8377,8416,5619,8447,8449,8415
13,8420,5603,5598,8426,8476,8360,8417,8437,8433,8375,8413,5620,8447,8450,8414
13,8420,5602,5599,8426,8477,8361,8417,8435,8429,8375,8415,5626,8447,8450,8414
13,8420,5605,5597,8426,8477,8361,8417,8436,8428,8377,8415,5622,8449,8451,8415
13,8421,5603,5594,8426,8477,8361,8417,8435,8429,8378,8417,5621,8449,8451,8415
13,8422,5604,5600,8428,8478,8362,8419,8436,8433,8381,8417,5619,8449,8452,8416
14,8422,5607,5597,8428,8479,8363,8419,8437,8433,8380,8416,5617,8450,8453,8416
13,8423,5605,5597,8429,8479,8364,8420,8439,8433,8379,8418,5626,8451,8453,8417
13,8423,5607,5599,8429,8480,8363,8420,8439,8433,8381,8420,5619,8451,8453,8417
13,8424,5603,5599,8429,8480,8364,8421,8438,8432,8380,8419,5627,8451,8454,8418
13,8424,5607,5593,8430,8480,8364,8421,8441,8434,8383,8419,5626,8451,8453,8418
14,8425,5606,5599,8430,8481,8365,8421,8441,8430,8382,8418,5626,8453,8454,8418
14,8425,5605,5604,8430,8480,8365,8421,8441,8434,8380,8420,5621,8453,8454,8418
14,8424,5604,5600,8430,8481,8365,8422,8441,8436,8383,8419,5620,8452,8454,8418
13,8425,5604,5597,8430,8481,8365,8422,8441,8435,8381,8420,5616,8453,8454,8418
13,8425,5603,5599,8430,8481,8364,8421,8439,8434,8380,8420,5625,8452,8454,8418
12,8425,5605,5596,8431,8481,8365,8421,8440,8434,8381,8420,5623,8452,8453,8419
14,8403,5599,5588,8408,8459,8345,8402,8419,8417,8362,8403,5613,8440,8441,8404
13,8391,5595,5584,8384,8433,8320,8376,8384,8374,8321,8359,5599,8383,8385,8351
13,8342,5571,5573,8355,8414,8309,8359,8367,8362,8310,8343,5587,8368,8371,8328
13,8340,5574,5565,8336,8382,8266,8324,8348,8343,8279,8318,5589,8351,8346,8312
12,8353,5575,5570,8352,8403,8285,8344,8366,8366,8314,8352,5598,8378,8386,8353
13,8289,5534,5541,8350,8377,8252,8304,8318,8303,8258,8297,5590,8330,8352,8319
13,8231,5535,5569,8261,8318,8215,8271,8323,8267,8193,8323,5561,8268,8283,8257
13,8340,5551,5546,8288,8345,8234,8293,8312,8305,8253,8286,5577,8327,8331,8297
13,8347,5575,5572,8354,8404,8288,8343,8361,8354,8305,8344,5595,8375,8377,8342
14,8350,5577,5573,8361,8412,8297,8354,8374,8371,8316,8354,5603,8384,8383,8347
14,8347,5575,5573,8353,8403,8286,8342,8358,8351,8296,8328,5591,8357,8357,8321
13,8322,5565,5560,8338,8390,8282,8344,8363,8357,8306,8343,5595,8374,8374,8338
13,8322,5561,5557,8322,8371,8256,8311,8333,8328,8275,8312,5589,8341,8343,8308
14,8334,5568,5566,8336,8385,8269,8324,8341,8335,8282,8318,5591,8344,8349,8311
13,8327,5568,5561,8333,8382,8268,8327,8347,8341,8287,8325,5593,8356,8357,8325
13,8322,5562,5557,8324,8385,8275,8333,8353,8358,8308,8352,5595,8387,8391,8361
13,8364,5581,5577,8369,8419,8304,8360,8378,8374,8321,8359,5604,8391,8391,8356
13,8356,5577,5574,8360,8410,8295,8350,8367,8362,8309,8346,5595,8377,8378,8343
14,8351,5577,5572,8356,8405,8290,8345,8361,8358,8303,8341,5597,8373,8374,8338
13,8326,5565,5560,8327,8376,8259,8312,8328,8324,8277,8318,5588,8349,8349,8315
13,8304,5556,5550,8314,8362,8246,8302,8317,8312,8256,8292,5582,8330,8330,8293
14,8306,5555,5547,8306,8354,8239,8300,8318,8313,8256,8294,5583,8329,8335,8300
13,8302,5558,5553,8317,8366,8252,8307,8326,8319,8267,8302,5592,8340,8341,8304
14,8316,5562,5558,8322,8372,8258,8314,8333,8327,8275,8314,5590,8351,8353,8311
13,8325,5563,5560,8328,8377,8262,8321,8339,8334,8286,8322,5591,8353,8355,8319
13,8324,5565,5560,8329,8377,8269,8329,8347,8342,8288,8323,5592,8358,8360,8325
13,8334,5569,5565,8340,8390,8275,8331,8348,8346,8292,8329,5594,8362,8364,8329
13,8338,5572,5562,8343,8392,8277,8334,8351,8348,8293,8332,5586,8363,8364,8329
14,8334,5570,5563,8339,8388,8273,8330,8346,8342,8289,8326,5593,8358,8360,8325
13,8332,5568,5564,8341,8392,8277,8333,8352,8348,8296,8332,5593,8365,8367,8331
13,8345,5572,5569,8351,8401,8286,8343,8361,8356,8304,8341,5596,8372,8375,8339
13,8369,5586,5579,8376,8427,8313,8370,8389,8386,8332,8371,5610,8404,8405,8370
14,8381,5589,5584,8387,8437,8323,8379,8400,8394,8341,8379,5604,8410,8413,8378
14,8370,5586,5582,8376,8425,8311,8367,8386,8383,8329,8366,5607,8399,8401,8364
13,8368,5583,5579,8373,8424,8309,8366,8383,8381,8326,8364,5596,8396,8397,8362
13,8386,5593,5585,8392,8443,8328,8385,8403,8398,8346,8383,5610,8415,8416,8381
12,8387,5590,5585,8393,8443,8328,8384,8404,8399,8345,8383,5605,8414,8434,8395
13,8405,5597,5592,8411,8461,8346,8403,8419,8416,8362,8399,5613,8432,8435,8399
13,8403,5599,5597,8410,8462,8347,8404,8421,8418,8365,8401,5616,8435,8436,8401
13,8409,5602,5602,8417,8467,8352,8409,8427,8423,8374,8409,5620,8443,8445,8409
13,8416,5605,5604,8419,8469,8354,8411,8420,8418,8364,8400,5609,8433,8435,8399
13,8400,5600,5598,8405,8457,8341,8398,8416,8412,8355,8392,5610,8425,8427,8389
13,8393,5598,5600,8402,8454,8339,8395,8413,8415,8360,8397,5617,8408,8409,8375
14,8360,5590,5591,8374,8423,8309,8366,8386,8375,8322,8360,5605,8393,8396,8362
14,8381,5591,5593,8380,8421,8315,8369,8382,8374,8314,8350,5601,8383,8394,8362
13,8350,5571,5567,8351,8393,8288,8341,8358,8354,8299,8337,5593,8373,8379,8355
13,8356,5573,5571,8358,8399,8294,8347,8364,8359,8302,8337,5595,8372,8375,8355
14,8359,5576,5572,8364,8408,8303,8357,8374,8369,8314,8350,5595,8385,8388,8367
13,8363,5575,5572,8365,8406,8301,8354,8370,8365,8308,8343,5594,8374,8377,8363
14,8364,5575,5573,8367,8411,8306,8359,8377,8372,8313,8348,5598,8387,8388,8370
13,8375,5582,5581,8380,8422,8318,8372,8389,8385,8326,8364,5600,8398,8399,8380
13,8381,5584,5584,8384,8427,8322,8376,8391,8389,8331,8365,5604,8399,8401,8382
13,8383,5584,5579,8387,8428,8324,8377,8392,8389,8331,8367,5605,8400,8401,8383
13,8384,5585,5581,8388,8429,8325,8378,8395,8392,8334,8369,5610,8402,8404,8385
14,8384,5587,5581,8388,8429,8325,8377,8394,8390,8334,8369,5606,8401,8402,8383
14,8385,5584,5583,8389,8431,8327,8379,8396,8393,8336,8371,5609,8404,8405,8387
14,8385,5589,5582,8388,8430,8325,8378,8394,8391,8332,8369,5601,8401,8402,8384
13,8382,5584,5583,8387,8428,8324,8376,8393,8390,8332,8367,5607,8401,8401,8382
13,8382,5583,5579,8386,8427,8323,8376,8393,8391,8333,8369,5606,8401,8402,8384
13,8385,5588,5581,8389,8431,8326,8380,8396,8392,8335,8372,5603,8404,8405,8387
14,8389,5585,5581,8394,8435,8331,8385,8401,8397,8341,8376,5614,8409,8410,8391
14,8392,5592,5584,8397,8438,8335,8387,8405,8400,8342,8381,5610,8411,8412,8394
14,8394,5589,5583,8397,8440,8335,8388,8404,8401,8342,8380,5609,8412,8412,8394
13,8394,5589,5585,8398,8439,8335,8388,8404,8400,8344,8376,5609,8412,8411,8393
13,8393,5589,5584,8397,8438,8333,8386,8403,8399,8343,8377,5606,8410,8411,8393
13,8392,5588,5586,8396,8437,8333,8386,8402,8398,8342,8377,5604,8409,8410,8392
13,8391,5588,5584,8395,8437,8332,8385,8402,8398,8342,8376,5608,8409,8410,8391
13,8391,5586,5585,8397,8438,8334,8387,8403,8399,8342,8377,5608,8410,8410,8392
14,8391,5589,5587,8395,8437,8332,8385,8401,8398,8341,8377,5602,8408,8409,8391
14,8392,5586,5585,8397,8439,8334,8388,8404,8400,8342,8379,5604,8411,8414,8394
14,8409,5593,5587,8413,8455,8350,8403,8420,8417,8359,8395,5616,8426,8429,8410
13,8411,5593,5588,8415,8456,8352,8406,8421,8417,8359,8396,5619,8427,8430,8411
13,8411,5597,5588,8415,8456,8352,8405,8422,8418,8361,8396,5611,8428,8430,8412
13,8412,5597,5588,8416,8457,8352,8406,8422,8418,8360,8396,5613,8428,8430,8411
13,8411,5598,5586,8415,8456,8352,8405,8422,8418,8362,8396,5614,8429,8431,8412
14,8411,5596,5589,8410,8451,8348,8401,8416,8412,8355,8392,5614,8422,8417,8400
13,8402,5589,5582,8411,8459,8333,8398,8415,8410,8353,8381,5607,8412,8410,8381
13,8372,5576,5567,8379,8430,8317,8373,8390,8386,8335,8371,5598,8404,8403,8373
13,8374,5579,5573,8384,8434,8321,8377,8395,8391,8336,8374,5612,8404,8404,8371
14,8378,5582,5570,8383,8433,8318,8375,8392,8388,8336,8371,5601,8402,8403,8371
13,8376,5582,5575,8382,8432,8318,8374,8392,8388,8335,8372,5606,8402,8404,8371
13,8376,5582,5577,8382,8432,8317,8374,8391,8386,8334,8371,5608,8402,8405,8370
14,8377,5581,5578,8383,8432,8318,8374,8392,8389,8335,8371,5603,8402,8405,8370
13,8376,5584,5579,8381,8432,8317,8374,8390,8387,8334,8371,5608,8402,8404,8369
13,8375,5590,5580,8382,8431,8316,8373,8391,8385,8335,8370,5594,8402,8404,8369
13,8375,5584,5582,8381,8430,8316,8372,8388,8387,8333,8372,5603,8402,8404,8369
13,8375,5588,5582,8382,8431,8316,8373,8390,8386,8334,8371,5601,8401,8404,8368
14,8375,5588,5578,8381,8430,8316,8372,8389,8386,8332,8372,5598,8401,8403,8368
13,8374,5587,5583,8380,8428,8314,8371,8387,8384,8333,8369,5600,8401,8402,8367
12,8373,5583,5581,8379,8428,8314,8370,8389,8383,8330,8367,5604,8400,8401,8366
13,8372,5586,5577,8378,8428,8313,8370,8387,8384,8331,8367,5602,8400,8401,8365
13,8372,5585,5581,8378,8427,8313,8369,8385,8383,8329,8367,5601,8398,8400,8365
14,8371,5582,5582,8376,8426,8311,8368,8386,8383,8328,8364,5607,8397,8399,8363
13,8370,5586,5581,8375,8425,8310,8368,8385,8381,8329,8364,5605,8397,8400,8364
13,8370,5584,5577,8376,8426,8311,8368,8386,8382,8330,8365,5598,8398,8399,8364
13,8370,5582,5578,8377,8426,8312,8368,8386,8382,8330,8364,5604,8398,8399,8364
13,8370,5586,5580,8376,8426,8311,8368,8386,8381,8330,8365,5602,8397,8398,8362
13,8370,5586,5580,8375,8424,8310,8367,8384,8381,8327,8365,5607,8397,8399,8363
13,8369,5588,5579,8376,8425,8310,8366,8381,8379,8327,8364,5606,8396,8399,8363
13,8370,5584,5580,8376,8426,8311,8368,8386,8382,8328,8363,5607,8397,8398,8363
13,8369,5582,5578,8375,8424,8309,8366,8383,8380,8327,8363,5606,8396,8397,8361
13,8369,5583,5579,8375,8425,8310,8368,8386,8382,8330,8365,5605,8397,8398,8363
14,8369,5584,5582,8374,8423,8309,8366,8383,8378,8326,8362,5597,8395,8395,8361
13,8367,5583,5582,8375,8424,8310,8366,8384,8380,8327,8363,5605,8394,8396,8361
13,8367,5582,5577,8373,8423,8309,8366,8384,8383,8329,8364,5607,8397,8398,8363
14,8370,5584,5583,8377,8426,8312,8369,8386,8381,8328,8365,5605,8398,8399,8365
13,8372,5584,5581,8379,8428,8314,8370,8388,8385,8331,8369,5602,8401,8402,8366
14,8373,5587,5583,8379,8429,8314,8371,8388,8385,8334,8369,5605,8400,8403,8369
14,8375,5587,5581,8381,8431,8316,8372,8390,8389,8335,8372,5607,8402,8403,8367
13,8375,5584,5584,8380,8429,8315,8371,8389,8385,8333,8370,5601,8401,8402,8366
14,8373,5583,5581,8379,8429,8314,8371,8388,8386,8333,8369,5611,8401,8403,8368
13,8375,5587,5583,8381,8432,8317,8374,8390,8387,8333,8370,5608,8404,8405,8368
12,8374,5586,5577,8380,8429,8315,8371,8389,8387,8333,8369,5601,8400,8402,8366
12,8371,5586,5579,8378,8427,8312,8368,8386,8384,8331,8366,5609,8399,8400,8365
13,8372,5584,5583,8377,8427,8312,8369,8387,8383,8329,8366,5595,8398,8399,8364
13,8370,5583,5581,8376,8425,8310,8367,8384,8380,8329,8363,5606,8396,8398,8362
13,8369,5584,5579,8374,8423,8310,8366,8382,8379,8329,8362,5595,8395,8397,8361
13,8368,5584,5580,8374,8423,8309,8365,8382,8379,8326,8360,5596,8393,8396,8359
13,8365,5580,5576,8372,8421,8307,8364,8382,8378,8329,8369,5602,8402,8402,8366
14,8370,5584,5573,8373,8434,8321,8379,8396,8395,8342,8379,5610,8411,8412,8378
13,8344,5578,5574,8377,8427,8292,8344,8361,8358,8290,8315,5592,8358,8362,8326
13,8311,5566,5563,8353,8406,8286,8345,8342,8328,8269,8300,5581,8328,8330,8294
13,8329,5567,5566,8350,8398,8285,8344,8363,8359,8307,8344,5601,8382,8384,8350
14,8367,5583,5577,8371,8419,8299,8354,8373,8375,8310,8346,5598,8385,8383,8351
13,8360,5575,5574,8364,8411,8296,8354,8371,8368,8315,8347,5598,8379,8383,8348
13,8376,5586,5582,8388,8438,8327,8386,8411,8406,8353,8390,5611,8422,8420,8386
13,8392,5591,5583,8388,8430,8317,8372,8390,8385,8330,8366,5603,8399,8400,8361
13,8378,5583,5580,8384,8434,8319,8379,8397,8396,8341,8378,5610,8410,8406,8375
14,8381,5589,5583,8394,8444,8332,8390,8405,8399,8346,8383,5610,8415,8416,8381
13,8393,5590,5583,8387,8432,8322,8379,8398,8396,8348,8387,5614,8413,8416,8386
14,8394,5593,5592,8405,8455,8340,8394,8403,8401,8350,8387,5607,8418,8419,8383
13,8400,5593,5588,8400,8451,8337,8397,8414,8411,8356,8391,5614,8424,8426,8389
13,8398,5598,5590,8408,8459,8343,8400,8416,8415,8361,8398,5621,8438,8440,8404
14,8418,5605,5601,8431,8480,8362,8417,8437,8434,8380,8418,5620,8445,8447,8411
13,8421,5603,5596,8428,8478,8363,8423,8441,8440,8388,8419,5623,8438,8441,8408
13,8410,5599,5591,8415,8464,8350,8407,8428,8424,8371,8407,5617,8440,8441,8405
13,8412,5600,5590,8419,8472,8357,8414,8432,8427,8372,8409,5617,8442,8442,8408
13,8409,5596,5595,8416,8465,8350,8408,8429,8422,8374,8407,5617,8443,8449,8412
13,8425,5603,5600,8430,8481,8365,8422,8441,8436,8384,8421,5619,8452,8454,8419
14,8422,5605,5599,8427,8478,8362,8419,8438,8435,8379,8417,5623,8448,8451,8413
