14,8466,5619,5615,8471,8524,8407,8463,8484,8483,8427,8464,5636,8496,8497,8463
14,8466,5616,5618,8471,8525,8407,8463,8486,8482,8428,8464,5636,8495,8498,8462
14,8466,5622,5621,8472,8525,8408,8463,8487,8483,8427,8464,5632,8496,8498,8463
13,8467,5622,5618,8472,8525,8408,8464,8484,8483,8428,8465,5637,8496,8497,8463
13,8467,5622,5624,8472,8526,8408,8464,8481,8483,8429,8463,5637,8496,8499,8464
13,8467,5625,5623,8472,8526,8408,8465,8484,8483,8429,8464,5638,8492,8478,8433
13,8443,5616,5613,8443,8483,8373,8424,8470,8471,8417,8435,5626,8490,8477,8404
14,8413,5599,5599,8398,8439,8308,8361,8393,8419,8383,8389,5614,8454,8435,8393
13,8416,5605,5601,8420,8475,8357,8414,8425,8441,8400,8402,5622,8455,8434,8390
13,8381,5593,5588,8407,8465,8350,8407,8435,8452,8408,8412,5620,8455,8433,8392
13,8392,5592,5588,8389,8442,8321,8376,8397,8414,8367,8372,5597,8426,8414,8375
13,8370,5589,5581,8377,8433,8319,8379,8410,8428,8382,8390,5614,8438,8427,8390
13,8388,5598,5590,8400,8456,8340,8398,8422,8440,8393,8401,5620,8445,8435,8399
13,8402,5595,5590,8402,8456,8338,8394,8419,8435,8388,8396,5613,8437,8429,8392
14,8380,5589,5585,8379,8432,8314,8370,8392,8409,8362,8367,5609,8410,8403,8367
13,8368,5585,5580,8366,8412,8290,8370,8393,8407,8359,8369,5600,8404,8399,8366
14,8366,5581,5577,8381,8432,8324,8382,8413,8407,8342,8374,5601,8381,8383,8369
13,8382,5584,5577,8398,8452,8336,8394,8417,8415,8360,8396,5610,8412,8418,8399
13,8410,5591,5581,8414,8463,8345,8401,8422,8418,8366,8402,5612,8423,8433,8404
13,8406,5591,5585,8410,8463,8347,8403,8421,8419,8367,8404,5619,8424,8436,8404
13,8408,5593,5583,8412,8465,8348,8404,8425,8419,8367,8405,5615,8426,8437,8405
13,8409,5593,5586,8414,8466,8350,8405,8425,8423,8369,8407,5620,8428,8438,8405
13,8410,5595,5589,8414,8467,8350,8406,8425,8424,8372,8406,5616,8430,8440,8406
13,8410,5601,5592,8415,8468,8351,8407,8429,8425,8369,8406,5615,8434,8441,8406
13,8411,5602,5593,8415,8468,8351,8407,8428,8425,8371,8409,5621,8434,8441,8407
14,8411,5599,5597,8417,8469,8352,8408,8430,8426,8369,8406,5618,8435,8442,8407
13,8412,5602,5596,8416,8469,8352,8408,8428,8424,8371,8407,5611,8436,8442,8408
13,8411,5603,5597,8416,8469,8352,8408,8429,8426,8371,8409,5620,8437,8442,8408
13,8412,5603,5596,8417,8469,8352,8408,8429,8425,8374,8409,5621,8437,8443,8408
14,8412,5601,5594,8416,8470,8352,8408,8430,8426,8372,8407,5618,8438,8443,8408
13,8412,5602,5592,8417,8469,8352,8408,8431,8426,8371,8409,5619,8439,8443,8409
14,8412,5601,5597,8417,8469,8353,8409,8431,8426,8373,8407,5617,8439,8443,8408
13,8412,5601,5594,8416,8469,8353,8408,8427,8426,8372,8408,5624,8439,8443,8409
14,8411,5602,5596,8416,8469,8352,8408,8428,8426,8374,8410,5625,8440,8443,8408
13,8413,5602,5595,8418,8470,8353,8409,8431,8428,8375,8409,5617,8440,8444,8408
13,8414,5604,5596,8418,8471,8354,8410,8431,8428,8372,8410,5623,8443,8445,8411
13,8415,5602,5594,8420,8473,8357,8413,8433,8429,8374,8413,5621,8444,8446,8411
14,8407,5598,5594,8407,8460,8342,8399,8419,8416,8361,8398,5612,8431,8433,8398
14,8381,5589,5584,8386,8441,8330,8386,8409,8401,8351,8387,5607,8409,8413,8379
14,8399,5598,5591,8407,8461,8345,8400,8419,8414,8358,8404,5616,8441,8443,8409
13,8414,5603,5598,8419,8471,8354,8411,8431,8428,8374,8412,5618,8444,8446,8410
13,8415,5604,5594,8419,8472,8354,8411,8431,8429,8374,8410,5620,8443,8446,8411
13,8415,5602,5597,8420,8472,8356,8411,8432,8430,8374,8411,5621,8443,8446,8411
13,8415,5603,5600,8421,8473,8357,8412,8434,8429,8379,8414,5621,8444,8447,8413
14,8417,5605,5596,8422,8475,8357,8414,8435,8431,8376,8413,5626,8446,8448,8414
13,8418,5605,5596,8423,8476,8359,8415,8437,8431,8378,8415,5623,8448,8449,8416
13,8420,5603,5597,8424,8477,8360,8416,8437,8432,8379,8418,5629,8449,8451,8416
14,8421,5607,5597,8425,8478,8361,8418,8437,8434,8381,8419,5622,8450,8453,8418
13,8422,5606,5603,8428,8480,8363,8419,8440,8436,8383,8419,5619,8452,8454,8419
13,8424,5606,5608,8429,8482,8365,8421,8441,8439,8387,8421,5626,8454,8457,8421
13,8426,5609,5606,8431,8484,8366,8423,8443,8439,8385,8420,5627,8456,8458,8422
13,8425,5610,5607,8430,8483,8365,8422,8443,8439,8387,8420,5629,8453,8455,8421
13,8422,5609,5612,8427,8481,8365,8421,8442,8440,8385,8423,5628,8456,8459,8425
14,8436,5614,5614,8441,8494,8376,8433,8454,8452,8397,8434,5629,8466,8469,8435
12,8453,5615,5620,8459,8495,8388,8440,8476,8463,8408,8443,5629,8477,8492,8459
13,8429,5609,5608,8432,8489,8370,8429,8463,8468,8420,8432,5624,8487,8482,8457
13,8439,5613,5604,8441,8498,8377,8435,8467,8470,8424,8437,5629,8488,8479,8460
14,8441,5613,5604,8443,8500,8379,8438,8469,8475,8424,8440,5629,8487,8478,8463
13,8443,5614,5605,8445,8502,8381,8439,8471,8476,8426,8442,5633,8488,8479,8463
13,8445,5615,5609,8446,8503,8382,8440,8472,8477,8427,8441,5633,8486,8478,8464
13,8444,5614,5605,8446,8503,8382,8440,8471,8477,8428,8441,5635,8486,8478,8466
13,8446,5615,5604,8447,8505,8383,8441,8473,8478,8429,8444,5633,8485,8478,8465
13,8447,5616,5608,8448,8505,8384,8443,8474,8478,8429,8444,5633,8485,8479,8467
13,8447,5614,5607,8450,8506,8386,8444,8480,8480,8425,8446,5630,8477,8478,8475
13,8456,5605,5598,8456,8501,8389,8444,8456,8447,8390,8422,5624,8435,8425,8418
13,8416,5596,5585,8411,8463,8342,8397,8417,8415,8358,8398,5613,8418,8421,8397
14,8392,5583,5577,8397,8449,8332,8388,8410,8408,8352,8389,5608,8411,8417,8390
13,8394,5588,5579,8400,8452,8335,8391,8411,8410,8355,8391,5607,8414,8423,8392
13,8396,5588,5584,8400,8453,8337,8393,8413,8409,8356,8391,5618,8417,8425,8392
14,8396,5589,5580,8401,8453,8337,8393,8414,8408,8356,8393,5614,8420,8427,8393
14,8397,5589,5584,8402,8453,8338,8393,8415,8411,8355,8394,5613,8420,8428,8394
13,8398,5594,5584,8402,8454,8338,8394,8411,8405,8353,8390,5613,8418,8425,8390
13,8395,5593,5589,8400,8453,8336,8392,8413,8408,8354,8393,5611,8419,8425,8391
14,8395,5594,5589,8400,8452,8335,8392,8411,8407,8354,8391,5608,8419,8426,8391
14,8395,5597,5588,8400,8452,8335,8392,8412,8408,8353,8392,5611,8421,8425,8391
14,8395,5595,5589,8400,8452,8336,8392,8412,8408,8353,8391,5617,8421,8426,8392
13,8396,5594,5590,8400,8452,8336,8392,8411,8408,8353,8393,5613,8422,8426,8391
12,8395,5599,5590,8399,8452,8335,8391,8412,8407,8354,8391,5614,8422,8426,8391
13,8395,5592,5588,8401,8452,8336,8392,8412,8408,8354,8391,5609,8422,8426,8391
13,8396,5592,5590,8400,8452,8336,8392,8413,8405,8355,8391,5611,8423,8427,8392
13,8397,5595,5588,8401,8453,8337,8392,8413,8409,8354,8393,5615,8423,8428,8392
14,8392,5593,5587,8394,8446,8329,8384,8403,8395,8339,8371,5604,8400,8404,8368
13,8376,5588,5579,8369,8420,8304,8362,8390,8398,8347,8388,5612,8425,8428,8386
14,8398,5595,5589,8404,8444,8322,8365,8379,8380,8324,8362,5607,8405,8405,8363
14,8332,5572,5570,8348,8397,8281,8339,8346,8344,8289,8339,5600,8378,8391,8349
13,8322,5565,5559,8315,8371,8245,8307,8335,8322,8271,8302,5584,8347,8377,8345
14,8402,5596,5591,8409,8472,8350,8412,8432,8431,8370,8404,5618,8449,8448,8418
13,8407,5599,5593,8409,8460,8344,8399,8420,8421,8364,8403,5617,8428,8428,8389
13,8401,5596,5589,8408,8462,8347,8402,8421,8416,8365,8402,5619,8432,8435,8398
13,8387,5593,5587,8389,8441,8323,8378,8399,8397,8344,8384,5614,8415,8417,8382
13,8389,5593,5587,8395,8445,8329,8386,8409,8404,8349,8389,5617,8422,8424,8389
13,8384,5590,5586,8388,8439,8323,8378,8400,8394,8341,8380,5608,8413,8415,8380
13,8377,5589,5583,8381,8433,8317,8373,8390,8390,8340,8375,5607,8408,8410,8375
13,8374,5586,5583,8379,8431,8316,8371,8389,8386,8332,8371,5607,8401,8404,8370
13,8372,5586,5581,8377,8428,8312,8367,8388,8386,8333,8370,5601,8401,8403,8367
13,8381,5589,5585,8384,8436,8322,8379,8399,8393,8341,8377,5604,8411,8412,8377
13,8382,5590,5588,8385,8438,8323,8379,8398,8396,8341,8378,5605,8413,8415,8380
13,8380,5592,5588,8380,8430,8317,8374,8393,8384,8330,8365,5609,8397,8399,8366
13,8364,5588,5589,8372,8420,8301,8358,8378,8375,8326,8365,5607,8396,8400,8365
13,8361,5588,5586,8363,8412,8297,8353,8387,8385,8329,8358,5604,8391,8392,8357
14,8388,5598,5597,8390,8440,8324,8379,8398,8389,8334,8369,5609,8397,8394,8359
13,8362,5589,5591,8366,8423,8301,8352,8365,8380,8334,8371,5610,8406,8407,8359
14,8415,5605,5607,8435,8485,8377,8429,8462,8454,8395,8430,5623,8452,8459,8426
14,8387,5594,5599,8390,8439,8326,8382,8416,8410,8352,8375,5607,8420,8416,8384
13,8358,5584,5577,8363,8415,8295,8350,8384,8388,8343,8367,5605,8409,8400,8377
14,8359,5581,5572,8354,8410,8297,8353,8383,8387,8330,8353,5594,8402,8395,8377
13,8347,5578,5572,8351,8399,8278,8330,8368,8367,8309,8334,5596,8379,8371,8353
13,8333,5569,5568,8352,8406,8286,8344,8379,8376,8319,8343,5595,8385,8378,8362
13,8343,5574,5568,8345,8398,8279,8336,8373,8368,8314,8341,5598,8382,8373,8358
13,8355,5579,5576,8359,8411,8293,8350,8386,8381,8324,8350,5595,8390,8386,8371
13,8353,5578,5572,8357,8410,8292,8349,8383,8379,8325,8350,5599,8388,8384,8370
13,8344,5571,5568,8346,8398,8282,8337,8370,8365,8303,8336,5597,8365,8361,8353
13,8352,5574,5574,8402,8433,8305,8368,8399,8406,8366,8420,5621,8446,8450,8432
13,8442,5605,5591,8449,8501,8383,8440,8457,8455,8400,8435,5625,8446,8449,8415
14,8412,5594,5583,8415,8467,8351,8407,8428,8426,8368,8407,5617,8432,8438,8408
12,8418,5596,5590,8423,8474,8357,8412,8435,8431,8377,8414,5619,8441,8447,8415
13,8421,5598,5590,8426,8479,8362,8417,8437,8434,8380,8417,5620,8444,8451,8417
14,8422,5601,5592,8429,8480,8363,8419,8440,8435,8382,8418,5621,8447,8453,8419
13,8422,5601,5592,8428,8480,8363,8419,8440,8434,8381,8418,5626,8447,8453,8419
13,8423,5605,5595,8429,8480,8363,8420,8440,8436,8383,8421,5616,8448,8454,8419
13,8424,5605,5595,8429,8480,8364,8420,8440,8435,8382,8420,5623,8450,8454,8420
13,8423,5608,5600,8429,8480,8364,8419,8441,8435,8381,8420,5621,8450,8453,8420
13,8424,5605,5601,8429,8481,8364,8420,8439,8438,8383,8420,5626,8450,8455,8421
13,8424,5604,5599,8429,8481,8364,8420,8441,8436,8381,8419,5620,8450,8453,8420
13,8424,5606,5601,8430,8481,8365,8421,8439,8435,8383,8420,5621,8451,8455,8419
13,8424,5606,5600,8429,8481,8364,8420,8441,8439,8383,8420,5621,8450,8455,8419
13,8421,5607,5598,8422,8473,8356,8412,8432,8428,8374,8414,5622,8443,8447,8411
13,8416,5604,5598,8421,8472,8354,8411,8432,8426,8374,8411,5623,8443,8446,8411
13,8414,5604,5598,8417,8468,8351,8408,8430,8424,8364,8399,5614,8423,8425,8385
14,8335,5565,5563,8333,8385,8268,8325,8344,8340,8279,8310,5590,8349,8355,8323
14,8360,5586,5576,8373,8424,8301,8353,8379,8365,8315,8351,5601,8379,8381,8348
14,8346,5571,5566,8342,8380,8267,8336,8350,8339,8248,8273,5582,8349,8357,8322
13,8352,5583,5579,8403,8447,8331,8378,8395,8399,8339,8373,5614,8417,8421,8383
13,8407,5603,5594,8382,8437,8324,8371,8379,8382,8355,8384,5607,8410,8431,8389
14,8424,5606,5604,8451,8504,8383,8439,8452,8444,8388,8432,5624,8463,8476,8438
14,8463,5614,5615,8466,8519,8402,8461,8483,8476,8424,8460,5631,8489,8490,8455
13,8468,5618,5619,8479,8532,8414,8471,8494,8492,8437,8476,5640,8509,8510,8477
13,8485,5631,5627,8493,8546,8429,8486,8507,8505,8450,8486,5641,8518,8519,8485
13,8488,5628,5628,8497,8549,8431,8489,8510,8503,8449,8488,5644,8520,8521,8484
13,8483,5629,5624,8486,8538,8420,8476,8497,8492,8436,8472,5638,8507,8508,8473
14,8473,5625,5621,8479,8531,8412,8470,8491,8487,8434,8471,5640,8504,8506,8471
13,8476,5623,5621,8482,8534,8416,8473,8495,8490,8437,8473,5636,8507,8508,8474
13,8477,5621,5624,8484,8537,8420,8476,8499,8494,8439,8475,5642,8509,8510,8475
14,8468,5621,5615,8472,8524,8406,8463,8484,8480,8426,8462,5634,8495,8498,8462
13,8471,5621,5617,8477,8529,8412,8469,8490,8486,8432,8469,5643,8503,8504,8469
13,8473,5623,5624,8481,8535,8418,8474,8496,8492,8439,8477,5638,8509,8510,8476
14,8476,5621,5626,8481,8532,8413,8470,8488,8484,8431,8467,5640,8500,8500,8466
13,8461,5620,5616,8467,8519,8398,8453,8475,8472,8416,8453,5634,8487,8487,8452
14,8451,5617,5619,8455,8507,8389,8447,8468,8468,8418,8455,5637,8490,8494,8459
13,8472,5625,5627,8481,8534,8415,8473,8493,8487,8434,8470,5639,8495,8497,8463
13,8474,5626,5631,8488,8540,8432,8493,8505,8501,8445,8486,5644,8518,8523,8496
13,8491,5629,5622,8492,8534,8427,8480,8499,8491,8436,8471,5642,8505,8511,8487
13,8484,5625,5620,8487,8531,8423,8478,8497,8493,8434,8470,5638,8504,8508,8486
13,8477,5618,5613,8479,8523,8415,8468,8488,8484,8426,8461,5635,8494,8495,8476
13,8472,5615,5614,8476,8519,8413,8466,8486,8481,8422,8456,5633,8492,8494,8476
14,8472,5619,5614,8475,8520,8412,8466,8486,8482,8422,8460,5635,8494,8494,8476
14,8475,5619,5612,8478,8523,8415,8469,8489,8486,8427,8462,5633,8496,8497,8479
13,8476,5618,5618,8480,8523,8416,8471,8490,8487,8428,8465,5633,8497,8497,8480
13,8477,5619,5615,8480,8523,8416,8470,8490,8485,8428,8464,5641,8497,8497,8478
13,8457,5613,5605,8460,8504,8398,8454,8468,8463,8408,8445,5635,8476,8470,8448
13,8442,5605,5595,8450,8499,8383,8442,8460,8450,8403,8442,5627,8477,8475,8447
13,8458,5609,5600,8464,8516,8400,8456,8475,8473,8420,8456,5630,8487,8487,8456
13,8459,5609,5602,8465,8516,8399,8456,8476,8473,8421,8457,5632,8488,8489,8455
13,8457,5610,5603,8464,8514,8398,8455,8475,8474,8417,8455,5631,8486,8486,8453
14,8456,5611,5604,8462,8513,8396,8453,8472,8469,8415,8452,5632,8483,8486,8451
13,8454,5610,5611,8461,8512,8395,8453,8470,8468,8416,8451,5631,8484,8485,8451
14,8454,5611,5603,8461,8512,8395,8452,8473,8469,8417,8452,5631,8483,8485,8451
13,8455,5614,5612,8461,8512,8395,8452,8473,8469,8413,8451,5634,8484,8486,8451
14,8455,5615,5613,8461,8512,8395,8452,8473,8470,8415,8452,5636,8484,8485,8451
13,8455,5617,5610,8461,8512,8395,8452,8471,8468,8414,8453,5636,8484,8485,8452
13,8454,5615,5608,8461,8512,8395,8452,8472,8467,8418,8452,5634,8484,8486,8451
13,8455,5618,5612,8461,8512,8395,8452,8472,8470,8417,8453,5638,8483,8486,8451
13,8454,5616,5604,8461,8512,8395,8452,8473,8470,8416,8451,5634,8484,8486,8451
13,8455,5612,5612,8461,8512,8395,8452,8473,8469,8416,8451,5633,8483,8486,8451
13,8454,5616,5609,8461,8511,8395,8452,8472,8469,8413,8451,5634,8483,8485,8451
14,8454,5616,5613,8461,8512,8395,8452,8471,8468,8415,8452,5636,8484,8484,8451
13,8454,5616,5611,8461,8511,8394,8451,8473,8469,8415,8451,5636,8483,8486,8451
14,8454,5616,5607,8460,8512,8394,8452,8473,8469,8414,8450,5627,8484,8485,8450
13,8454,5617,5611,8460,8511,8394,8451,8472,8468,8414,8450,5632,8483,8485,8451
14,8451,5615,5610,8458,8510,8392,8449,8472,8468,8414,8450,5636,8485,8486,8453
14,8454,5611,5613,8457,8509,8393,8451,8475,8473,8416,8439,5625,8468,8469,8436
13,8480,5627,5619,8488,8539,8422,8479,8500,8500,8439,8473,5632,8497,8496,8462
13,8459,5618,5618,8475,8522,8403,8457,8478,8482,8434,8472,5639,8498,8496,8459
13,8408,5601,5594,8427,8479,8372,8421,8436,8441,8381,8413,5619,8446,8449,8413
13,8286,5552,5573,8382,8411,8299,8363,8369,8360,8283,8329,5594,8364,8357,8303
13,8340,5575,5563,8331,8398,8317,8368,8364,8373,8322,8348,5594,8397,8417,8389
14,8404,5601,5594,8418,8471,8358,8415,8432,8427,8376,8416,5625,8463,8465,8429
14,8375,5583,5579,8367,8415,8302,8330,8361,8351,8281,8305,5591,8355,8325,8277
13,8266,5534,5529,8282,8336,8212,8277,8300,8301,8236,8267,5578,8280,8273,8266
13,8235,5531,5528,8273,8317,8213,8271,8300,8290,8238,8274,5581,8316,8318,8273
13,8209,5524,5522,8232,8286,8162,8223,8258,8258,8208,8238,5565,8256,8270,8239
13,8283,5538,5538,8297,8348,8233,8288,8307,8295,8240,8282,5580,8279,8295,8274
