13,8533,5639,5635,8539,8591,8474,8531,8547,8546,8493,8529,5662,8561,8563,8529
13,8533,5637,5635,8539,8590,8474,8531,8551,8548,8493,8529,5652,8561,8562,8528
13,8533,5641,5632,8539,8590,8474,8531,8551,8548,8493,8528,5659,8560,8562,8528
13,8532,5641,5635,8539,8590,8474,8531,8548,8548,8494,8530,5654,8562,8563,8529
13,8533,5639,5635,8539,8590,8474,8531,8551,8548,8494,8527,5656,8561,8563,8529
13,8533,5637,5633,8539,8591,8474,8531,8551,8548,8494,8529,5652,8562,8563,8530
13,8532,5638,5632,8539,8590,8474,8531,8548,8547,8494,8528,5658,8562,8562,8529
13,8533,5637,5635,8539,8591,8474,8531,8549,8547,8494,8527,5653,8561,8563,8527
14,8533,5639,5632,8539,8591,8474,8531,8549,8548,8493,8528,5652,8561,8564,8528
13,8533,5638,5635,8539,8591,8474,8531,8551,8548,8494,8527,5648,8562,8562,8529
13,8533,5637,5634,8539,8591,8474,8531,8549,8548,8493,8528,5656,8561,8564,8528
13,8532,5641,5632,8539,8590,8473,8531,8549,8548,8493,8530,5655,8561,8562,8528
14,8532,5642,5638,8539,8590,8473,8531,8550,8546,8493,8529,5657,8560,8563,8529
13,8533,5642,5640,8539,8591,8474,8531,8552,8546,8494,8529,5653,8561,8563,8530
13,8533,5642,5639,8539,8591,8474,8531,8550,8549,8494,8529,5657,8562,8563,8529
13,8533,5641,5642,8540,8591,8475,8531,8550,8548,8494,8528,5663,8562,8563,8531
14,8534,5644,5645,8541,8592,8475,8532,8552,8548,8494,8529,5661,8562,8565,8530
13,8535,5644,5644,8541,8592,8476,8537,8551,8550,8495,8529,5660,8564,8565,8532
13,8523,5642,5634,8517,8563,8452,8510,8539,8539,8497,8509,5651,8585,8568,8526
13,8499,5633,5633,8507,8559,8441,8499,8523,8533,8504,8497,5650,8571,8543,8507
14,8499,5633,5623,8505,8559,8441,8498,8521,8530,8501,8497,5642,8561,8534,8504
13,8493,5631,5623,8499,8552,8434,8492,8516,8524,8494,8489,5642,8549,8525,8494
14,8488,5630,5629,8494,8547,8428,8486,8507,8517,8486,8483,5637,8539,8517,8488
13,8484,5631,5628,8492,8546,8428,8486,8512,8518,8486,8484,5641,8539,8518,8493
13,8489,5630,5628,8497,8550,8432,8490,8514,8522,8491,8489,5639,8540,8523,8496
13,8491,5627,5624,8497,8551,8433,8492,8516,8524,8493,8491,5640,8541,8527,8501
13,8495,5632,5625,8502,8556,8438,8496,8520,8528,8498,8494,5643,8540,8527,8503
13,8495,5632,5625,8500,8554,8436,8494,8517,8526,8494,8492,5644,8538,8526,8500
13,8496,5633,5629,8503,8556,8438,8496,8522,8527,8496,8495,5642,8539,8530,8503
13,8497,5631,5630,8503,8557,8438,8496,8521,8528,8497,8496,5648,8538,8529,8503
13,8498,5633,5628,8505,8558,8440,8499,8524,8530,8499,8498,5648,8538,8533,8505
13,8500,5635,5630,8507,8561,8442,8500,8525,8533,8500,8499,5640,8539,8533,8507
13,8501,5632,5630,8508,8562,8444,8501,8527,8534,8500,8501,5643,8540,8534,8508
14,8503,5633,5629,8509,8563,8445,8502,8527,8534,8499,8502,5645,8540,8537,8509
14,8505,5639,5632,8511,8565,8447,8505,8527,8536,8502,8501,5651,8540,8538,8511
14,8505,5635,5627,8512,8561,8447,8502,8533,8528,8475,8499,5651,8507,8518,8509
14,8517,5633,5624,8513,8565,8447,8506,8520,8516,8457,8498,5646,8496,8516,8499
13,8502,5624,5622,8509,8560,8444,8501,8521,8516,8461,8500,5645,8503,8524,8500
14,8505,5632,5619,8510,8561,8445,8502,8521,8518,8463,8499,5643,8506,8530,8500
14,8505,5630,5619,8511,8562,8446,8503,8521,8518,8460,8500,5639,8510,8531,8500
14,8505,5626,5620,8510,8561,8445,8502,8522,8516,8459,8500,5645,8512,8533,8500
13,8504,5633,5624,8510,8562,8446,8502,8523,8517,8460,8499,5642,8516,8533,8499
14,8504,5630,5622,8510,8562,8445,8502,8519,8517,8461,8500,5649,8516,8532,8499
13,8504,5633,5627,8510,8561,8445,8502,8521,8516,8460,8499,5653,8519,8534,8499
13,8504,5635,5629,8510,8561,8445,8502,8523,8517,8459,8500,5645,8521,8533,8500
13,8505,5630,5626,8510,8561,8445,8502,8521,8517,8459,8499,5646,8523,8534,8500
14,8505,5635,5630,8511,8562,8446,8503,8521,8516,8460,8499,5644,8524,8534,8500
13,8504,5634,5627,8511,8561,8446,8502,8522,8517,8460,8502,5648,8524,8534,8500
13,8505,5632,5629,8510,8562,8446,8502,8521,8516,8460,8500,5647,8525,8534,8499
14,8504,5637,5629,8510,8562,8446,8502,8521,8516,8459,8500,5645,8527,8534,8499
13,8504,5633,5629,8510,8561,8446,8502,8521,8518,8459,8498,5647,8527,8533,8501
14,8505,5635,5630,8510,8562,8445,8502,8521,8521,8460,8500,5642,8527,8534,8500
14,8504,5634,5629,8510,8562,8446,8502,8522,8517,8458,8498,5646,8528,8534,8500
13,8504,5635,5630,8511,8562,8446,8502,8522,8519,8461,8500,5646,8529,8534,8500
13,8505,5635,5630,8510,8562,8446,8502,8522,8516,8458,8500,5647,8529,8534,8501
14,8505,5635,5625,8511,8562,8446,8503,8522,8515,8460,8501,5641,8530,8534,8500
14,8505,5630,5630,8511,8562,8446,8503,8523,8518,8460,8500,5648,8531,8534,8500
13,8504,5636,5629,8511,8562,8445,8503,8522,8520,8461,8499,5651,8530,8535,8499
14,8505,5635,5627,8510,8562,8445,8503,8523,8515,8460,8500,5646,8530,8535,8500
13,8505,5631,5629,8510,8561,8445,8502,8522,8517,8458,8500,5649,8530,8533,8500
14,8505,5635,5627,8512,8563,8447,8504,8524,8517,8461,8501,5645,8534,8537,8503
14,8512,5635,5630,8514,8566,8448,8506,8523,8522,8464,8503,5652,8535,8538,8504
13,8492,5630,5619,8493,8545,8431,8489,8512,8506,8449,8488,5644,8521,8523,8490
13,8491,5633,5624,8494,8551,8437,8503,8525,8522,8467,8506,5646,8539,8543,8508
14,8515,5633,5630,8523,8574,8455,8512,8537,8532,8477,8520,5656,8549,8552,8519
13,8534,5638,5635,8542,8593,8477,8534,8553,8548,8491,8531,5655,8566,8567,8534
13,8542,5644,5637,8549,8601,8484,8541,8562,8556,8500,8540,5659,8570,8573,8538
13,8546,5644,5640,8552,8605,8489,8547,8566,8561,8505,8544,5663,8576,8578,8544
14,8549,5643,5638,8555,8606,8490,8546,8567,8562,8506,8544,5663,8577,8578,8546
14,8552,5645,5639,8558,8610,8493,8550,8570,8565,8509,8547,5664,8581,8583,8548
13,8553,5644,5640,8559,8610,8493,8550,8568,8566,8507,8548,5665,8579,8581,8546
14,8549,5643,5638,8555,8606,8489,8546,8565,8562,8505,8544,5659,8576,8578,8545
13,8548,5645,5638,8554,8606,8489,8546,8567,8560,8504,8545,5668,8576,8579,8544
14,8549,5645,5639,8555,8606,8489,8547,8566,8563,8506,8543,5666,8577,8579,8544
14,8549,5642,5638,8555,8606,8489,8545,8566,8561,8502,8543,5662,8576,8577,8543
13,8548,5643,5638,8553,8605,8488,8545,8564,8560,8505,8543,5663,8575,8578,8543
13,8549,5642,5641,8555,8607,8489,8547,8566,8561,8507,8544,5664,8578,8579,8545
13,8550,5645,5637,8555,8607,8490,8547,8566,8563,8506,8545,5660,8578,8579,8546
13,8550,5641,5641,8556,8607,8491,8547,8568,8563,8507,8545,5654,8578,8579,8546
14,8550,5642,5639,8556,8607,8491,8548,8567,8564,8507,8544,5662,8578,8579,8546
13,8550,5642,5638,8556,8608,8491,8548,8567,8562,8506,8546,5665,8579,8580,8547
13,8551,5645,5640,8557,8609,8491,8549,8569,8564,8507,8547,5666,8579,8580,8547
13,8552,5645,5640,8557,8610,8493,8550,8570,8565,8508,8548,5668,8580,8582,8547
14,8552,5645,5645,8559,8611,8494,8551,8568,8567,8509,8548,5670,8581,8583,8548
13,8553,5647,5649,8559,8610,8493,8550,8570,8566,8511,8549,5667,8581,8581,8548
13,8553,5648,5648,8558,8611,8493,8550,8571,8567,8510,8548,5666,8579,8582,8548
14,8551,5651,5648,8557,8609,8492,8549,8569,8566,8508,8548,5661,8580,8582,8548
13,8551,5651,5651,8556,8608,8491,8547,8568,8562,8507,8545,5668,8578,8580,8546
13,8561,5647,5651,8563,8608,8505,8566,8574,8568,8512,8547,5669,8581,8592,8559
13,8562,5650,5646,8563,8610,8495,8550,8588,8598,8562,8548,5667,8617,8598,8560
14,8556,5647,5644,8561,8612,8494,8551,8588,8597,8564,8550,5668,8614,8593,8561
13,8557,5646,5643,8562,8613,8495,8551,8588,8600,8564,8550,5668,8610,8590,8562
14,8557,5646,5638,8562,8613,8495,8552,8589,8599,8563,8552,5665,8606,8587,8561
13,8556,5643,5643,8563,8613,8496,8551,8589,8600,8563,8549,5666,8603,8587,8561
13,8557,5645,5640,8562,8613,8495,8552,8588,8600,8562,8550,5662,8601,8586,8562
13,8557,5648,5640,8563,8613,8495,8552,8588,8599,8561,8551,5665,8599,8586,8562
14,8557,5647,5641,8563,8613,8496,8552,8589,8599,8562,8549,5665,8597,8586,8561
14,8557,5645,5641,8563,8613,8495,8551,8589,8598,8561,8552,5664,8595,8586,8562
13,8557,5648,5640,8563,8614,8496,8552,8589,8597,8560,8552,5663,8594,8586,8562
13,8558,5642,5641,8564,8614,8496,8552,8590,8598,8561,8552,5663,8593,8587,8563
13,8558,5645,5641,8564,8614,8496,8553,8590,8597,8560,8553,5661,8593,8586,8562
12,8559,5645,5638,8563,8614,8496,8552,8588,8600,8559,8552,5667,8591,8585,8562
13,8559,5643,5641,8564,8614,8497,8552,8590,8597,8558,8550,5666,8592,8586,8562
14,8559,5645,5641,8564,8614,8497,8553,8591,8596,8557,8554,5666,8590,8586,8563
14,8559,5647,5639,8564,8614,8497,8553,8589,8599,8558,8552,5665,8590,8586,8563
13,8560,5646,5641,8565,8614,8500,8555,8593,8595,8549,8552,5663,8575,8582,8566
14,8577,5642,5634,8568,8615,8509,8568,8578,8571,8510,8553,5666,8556,8570,8553
13,8560,5641,5631,8566,8617,8500,8557,8578,8568,8512,8555,5664,8563,8580,8557
13,8561,5637,5635,8567,8618,8502,8559,8579,8570,8513,8557,5663,8566,8585,8557
13,8562,5642,5632,8568,8620,8502,8560,8580,8570,8514,8556,5666,8569,8588,8557
14,8562,5643,5631,8568,8619,8502,8559,8580,8571,8514,8559,5666,8573,8589,8557
14,8561,5642,5634,8568,8619,8502,8559,8579,8570,8514,8557,5666,8575,8590,8557
13,8562,5645,5637,8568,8619,8502,8559,8580,8572,8513,8557,5664,8577,8591,8557
14,8563,5645,5642,8568,8619,8503,8560,8580,8571,8513,8557,5659,8578,8591,8558
13,8562,5646,5644,8568,8619,8503,8560,8580,8572,8514,8558,5672,8581,8592,8558
13,8562,5646,5643,8568,8620,8502,8559,8580,8572,8513,8559,5665,8581,8591,8558
13,8562,5646,5641,8568,8620,8503,8560,8579,8572,8513,8558,5668,8584,8591,8558
14,8562,5648,5642,8568,8620,8503,8559,8580,8571,8514,8557,5670,8584,8592,8557
13,8563,5645,5642,8568,8620,8503,8560,8579,8572,8514,8557,5660,8585,8592,8557
14,8562,5646,5642,8568,8620,8503,8560,8578,8570,8514,8558,5663,8586,8591,8557
14,8562,5649,5641,8568,8620,8503,8560,8580,8572,8514,8556,5666,8585,8592,8557
13,8562,5646,5642,8568,8620,8503,8560,8579,8572,8514,8556,5667,8586,8592,8557
14,8563,5648,5642,8569,8620,8503,8560,8581,8571,8514,8559,5668,8587,8592,8558
14,8562,5647,5643,8568,8620,8503,8560,8580,8571,8515,8557,5663,8588,8592,8558
13,8562,5647,5643,8569,8621,8503,8560,8580,8573,8514,8558,5670,8588,8593,8557
13,8563,5646,5641,8568,8620,8503,8560,8580,8574,8514,8559,5665,8589,8591,8558
13,8563,5646,5643,8568,8621,8504,8560,8580,8571,8515,8559,5665,8589,8591,8558
13,8563,5647,5643,8568,8620,8503,8560,8580,8570,8514,8558,5667,8589,8592,8557
13,8562,5645,5641,8569,8621,8503,8560,8579,8572,8514,8559,5665,8589,8592,8558
14,8562,5648,5643,8568,8620,8503,8560,8579,8572,8516,8558,5663,8589,8590,8557
13,8563,5646,5641,8568,8620,8503,8560,8580,8576,8517,8560,5663,8591,8595,8560
14,8565,5647,5646,8570,8622,8505,8562,8581,8575,8518,8563,5669,8593,8595,8559
13,8554,5642,5637,8559,8611,8494,8552,8572,8565,8506,8550,5668,8581,8583,8549
13,8560,5645,5641,8565,8616,8498,8555,8573,8565,8510,8551,5666,8582,8584,8551
13,8534,5642,5632,8542,8594,8478,8533,8548,8542,8483,8524,5654,8558,8557,8524
13,8514,5630,5626,8515,8567,8450,8511,8538,8536,8482,8525,5656,8557,8556,8521
13,8538,5641,5635,8540,8589,8473,8531,8554,8548,8490,8533,5662,8566,8569,8534
14,8541,5641,5632,8544,8596,8479,8536,8555,8547,8492,8533,5652,8567,8569,8535
13,8537,5641,5635,8543,8593,8477,8533,8553,8546,8488,8530,5661,8563,8564,8530
13,8538,5641,5635,8545,8596,8480,8536,8558,8549,8491,8533,5657,8565,8567,8533
14,8533,5636,5632,8540,8591,8474,8531,8551,8543,8487,8528,5658,8559,8561,8527
13,8525,5639,5634,8532,8583,8467,8523,8545,8535,8479,8520,5653,8553,8554,8521
13,8526,5636,5633,8533,8585,8468,8525,8545,8540,8481,8522,5653,8556,8557,8522
13,8525,5636,5630,8531,8581,8464,8521,8542,8535,8476,8516,5653,8550,8551,8518
13,8519,5635,5630,8525,8575,8459,8515,8536,8530,8472,8514,5648,8545,8546,8513
14,8517,5635,5631,8523,8574,8457,8514,8533,8526,8470,8509,5645,8543,8544,8511
13,8514,5636,5630,8520,8571,8455,8511,8533,8526,8468,8513,5649,8542,8543,8512
14,8517,5633,5630,8522,8573,8457,8514,8533,8528,8471,8512,5651,8544,8545,8510
14,8515,5637,5634,8521,8572,8455,8512,8530,8525,8469,8510,5650,8542,8544,8510
13,8514,5634,5630,8520,8571,8455,8511,8529,8525,8467,8507,5652,8541,8542,8509
14,8515,5635,5632,8521,8572,8457,8513,8533,8527,8470,8510,5644,8544,8546,8512
14,8518,5636,5633,8524,8575,8460,8516,8534,8532,8472,8513,5653,8546,8548,8514
14,8515,5635,5630,8521,8572,8456,8513,8531,8524,8470,8511,5651,8544,8545,8511
13,8514,5639,5630,8520,8570,8454,8511,8532,8525,8468,8509,5645,8541,8543,8510
13,8513,5639,5637,8519,8571,8454,8511,8530,8524,8468,8509,5646,8541,8542,8510
13,8509,5639,5639,8516,8567,8450,8506,8526,8520,8460,8502,5646,8534,8537,8502
13,8512,5639,5639,8519,8570,8455,8511,8532,8526,8470,8511,5652,8545,8546,8513
13,8516,5644,5642,8522,8573,8457,8513,8532,8525,8470,8511,5658,8539,8542,8508
13,8508,5644,5642,8516,8568,8452,8509,8528,8522,8466,8506,5654,8538,8540,8506
14,8527,5642,5642,8531,8570,8468,8523,8542,8526,8466,8505,5650,8541,8553,8535
13,8523,5639,5637,8533,8571,8465,8516,8546,8535,8479,8509,5656,8548,8555,8537
13,8523,5637,5630,8533,8572,8466,8516,8548,8535,8478,8509,5644,8547,8549,8537
14,8520,5636,5630,8531,8568,8461,8512,8540,8532,8476,8506,5648,8544,8543,8536
13,8522,5635,5630,8533,8571,8465,8516,8547,8535,8480,8510,5649,8548,8547,8538
13,8523,5636,5629,8532,8571,8465,8516,8545,8535,8481,8511,5654,8546,8544,8538
14,8523,5635,5629,8533,8571,8465,8516,8545,8536,8479,8509,5648,8546,8544,8538
13,8522,5638,5630,8532,8570,8464,8515,8545,8534,8478,8508,5653,8545,8544,8536
13,8523,5635,5632,8532,8571,8465,8516,8545,8534,8478,8508,5641,8545,8544,8538
14,8524,5636,5629,8534,8573,8467,8517,8546,8537,8481,8513,5647,8547,8545,8540
13,8525,5638,5631,8536,8575,8469,8520,8551,8538,8483,8514,5648,8549,8549,8542
13,8528,5636,5630,8538,8576,8470,8521,8548,8538,8482,8513,5646,8549,8548,8541
13,8528,5639,5630,8540,8577,8472,8522,8552,8539,8486,8516,5650,8550,8550,8544
13,8528,5636,5632,8538,8577,8471,8522,8552,8539,8483,8515,5649,8549,8548,8541
14,8527,5635,5632,8537,8575,8469,8520,8549,8538,8483,8514,5650,8547,8545,8541
13,8525,5636,5629,8536,8574,8469,8519,8546,8539,8482,8512,5656,8547,8546,8539
14,8526,5637,5633,8536,8574,8468,8519,8547,8535,8480,8508,5648,8541,8541,8536
13,8526,5637,5628,8530,8571,8468,8524,8533,8527,8469,8509,5647,8534,8527,8511
13,8507,5626,5622,8515,8567,8452,8509,8528,8522,8466,8508,5652,8535,8533,8510
14,8514,5629,5619,8520,8570,8455,8512,8533,8525,8469,8509,5649,8538,8540,8512
13,8516,5632,5621,8523,8573,8458,8515,8534,8528,8472,8512,5648,8540,8544,8512
14,8518,5632,5624,8524,8574,8458,8515,8538,8528,8473,8512,5653,8544,8546,8514
14,8518,5630,5624,8524,8574,8459,8515,8534,8528,8473,8512,5646,8543,8546,8514
13,8519,5633,5627,8524,8575,8459,8516,8536,8528,8472,8512,5650,8544,8547,8513
14,8518,5633,5627,8525,8575,8459,8516,8535,8531,8473,8511,5652,8544,8547,8515
13,8519,5636,5629,8525,8575,8460,8517,8536,8531,8473,8513,5648,8545,8547,8514
13,8520,5637,5630,8525,8575,8459,8517,8536,8531,8473,8514,5651,8545,8548,8514
13,8519,5639,5632,8525,8575,8459,8517,8535,8530,8472,8514,5649,8545,8548,8515
13,8519,5635,5630,8525,8575,8460,8516,8535,8529,8473,8513,5646,8545,8547,8515
13,8519,5639,5630,8525,8575,8459,8517,8536,8529,8475,8514,5651,8546,8549,8514
13,8519,5637,5630,8526,8575,8460,8517,8535,8528,8474,8512,5648,8545,8548,8514
13,8519,5636,5634,8525,8575,8460,8517,8535,8529,8475,8513,5648,8546,8549,8515
13,8519,5636,5631,8525,8576,8459,8517,8535,8530,8474,8513,5652,8544,8548,8514
14,8518,5636,5631,8525,8575,8459,8517,8536,8529,8474,8514,5653,8546,8548,8514
13,8519,5636,5631,8526,8575,8460,8517,8534,8527,8473,8513,5653,8546,8547,8515
14,8519,5639,5630,8525,8575,8460,8516,8537,8529,8475,8515,5652,8546,8547,8514
14,8519,5637,5631,8526,8575,8459,8517,8536,8530,8474,8514,5653,8547,8548,8514
13,8519,5636,5632,8526,8576,8460,8517,8536,8529,8474,8514,5651,8546,8548,8514
13,8519,5636,5632,8525,8576,8460,8517,8535,8531,8474,8513,5647,8546,8548,8514
13,8519,5635,5630,8526,8576,8459,8517,8538,8530,8473,8516,5653,8547,8547,8515
13,8519,5635,5632,8526,8576,8460,8517,8534,8532,8475,8514,5650,8547,8548,8511
13,8510,5633,5630,8513,8560,8443,8492,8515,8513,8449,8488,5635,8515,8509,8477
13,8490,5627,5629,8508,8553,8438,8491,8510,8503,8445,8486,5646,8521,8525,8490
13,8523,5639,5632,8533,8583,8470,8530,8547,8540,8487,8528,5653,8557,8561,8530
14,8534,5641,5640,8547,8595,8479,8537,8551,8548,8497,8533,5658,8567,8574,8540
13,8540,5641,5632,8538,8590,8476,8537,8556,8551,8491,8530,5654,8547,8548,8509
13,8531,5641,5633,8541,8593,8476,8530,8545,8539,8482,8522,5655,8555,8552,8520
14,8564,5649,5641,8568,8619,8503,8562,8580,8573,8522,8561,5668,8593,8593,8557
14,8563,5647,5643,8569,8620,8503,8561,8581,8576,8519,8561,5667,8593,8594,8560
13,8567,5647,5642,8572,8622,8506,8562,8584,8575,8521,8561,5669,8595,8594,8562
13,8566,5646,5642,8572,8623,8506,8564,8585,8578,8522,8562,5673,8594,8595,8562
14,8568,5646,5647,8574,8625,8509,8566,8586,8582,8526,8564,5673,8596,8598,8565
14,8570,5649,5642,8574,8625,8509,8566,8587,8581,8525,8565,5672,8597,8598,8563
13,8570,5650,5645,8576,8626,8510,8567,8589,8583,8526,8566,5673,8599,8600,8566
13,8572,5649,5646,8577,8628,8511,8569,8589,8583,8527,8568,5668,8599,8601,8567
13,8572,5653,5644,8577,8627,8511,8568,8587,8581,8529,8566,5669,8599,8599,8565
14,8571,5649,5645,8577,8627,8511,8568,8589,8582,8525,8566,5671,8599,8600,8566
13,8571,5648,5648,8577,8627,8511,8569,8588,8583,8527,8566,5671,8599,8600,8566
14,8571,5649,5647,8577,8627,8511,8567,8588,8582,8527,8565,5671,8599,8599,8566
14,8571,5651,5643,8576,8627,8510,8567,8587,8583,8526,8567,5672,8599,8599,8566
13,8571,5649,5642,8577,8627,8511,8568,8588,8583,8527,8565,5669,8599,8599,8565
13,8571,5650,5642,8577,8627,8510,8568,8588,8582,8526,8566,5667,8599,8599,8566
13,8571,5652,5649,8576,8628,8511,8568,8589,8583,8526,8567,5671,8599,8601,8566
14,8571,5649,5644,8577,8628,8511,8568,8588,8583,8526,8563,5668,8597,8599,8564
14,8571,5650,5647,8577,8627,8511,8568,8589,8582,8527,8566,5670,8598,8600,8565
13,8570,5652,5651,8576,8625,8509,8566,8587,8580,8525,8563,5669,8597,8599,8564
13,8568,5652,5653,8573,8624,8508,8565,8585,8579,8524,8564,5672,8595,8596,8563
14,8567,5651,5650,8572,8622,8505,8563,8582,8576,8521,8561,5671,8594,8595,8561
14,8568,5652,5655,8574,8625,8508,8566,8585,8580,8526,8562,5664,8596,8597,8563
14,8570,5654,5656,8575,8626,8509,8567,8587,8581,8526,8566,5677,8599,8599,8566
13,8569,5656,5658,8575,8626,8509,8570,8587,8581,8526,8565,5670,8597,8598,8566
14,8586,5651,5653,8583,8626,8518,8583,8593,8586,8528,8565,5674,8600,8602,8572
13,8589,5650,5650,8586,8627,8520,8585,8597,8588,8529,8564,5671,8600,8602,8574
14,8589,5649,5648,8586,8627,8519,8584,8596,8588,8528,8565,5667,8600,8600,8574
14,8589,5649,5648,8587,8627,8520,8585,8599,8586,8529,8566,5666,8601,8601,8575
13,8590,5650,5646,8587,8628,8521,8585,8596,8587,8530,8567,5669,8601,8601,8575
13,8590,5654,5644,8588,8628,8521,8586,8599,8586,8530,8568,5666,8602,8601,8575
14,8590,5653,5644,8588,8628,8521,8586,8601,8589,8531,8566,5672,8601,8602,8575
14,8590,5652,5650,8588,8628,8521,8586,8596,8589,8529,8567,5668,8601,8601,8575
14,8590,5650,5642,8587,8628,8521,8585,8598,8589,8530,8568,5669,8601,8600,8576
13,8590,5648,5644,8587,8628,8521,8585,8598,8588,8530,8567,5671,8601,8601,8575
13,8590,5650,5648,8587,8628,8521,8586,8597,8590,8530,8566,5669,8601,8602,8576
13,8590,5650,5645,8588,8628,8521,8585,8597,8589,8530,8566,5667,8601,8602,8576
14,8591,5648,5644,8589,8630,8522,8587,8599,8590,8531,8568,5671,8602,8602,8577
13,8591,5650,5645,8589,8630,8522,8587,8599,8588,8532,8568,5675,8602,8602,8577
14,8591,5652,5644,8589,8630,8522,8588,8601,8589,8531,8568,5673,8603,8602,8577
13,8591,5649,5644,8589,8629,8522,8587,8600,8590,8531,8569,5672,8602,8602,8577
13,8589,5651,5646,8587,8628,8521,8586,8593,8584,8528,8566,5672,8598,8598,8569
13,8572,5647,5636,8575,8625,8509,8568,8585,8578,8522,8560,5666,8592,8594,8563
14,8568,5640,5631,8574,8624,8508,8565,8585,8580,8523,8562,5667,8596,8595,8564
13,8568,5643,5632,8574,8625,8508,8566,8586,8579,8526,8563,5663,8596,8597,8562
14,8569,5645,5637,8574,8625,8509,8566,8585,8580,8524,8565,5669,8594,8597,8564
14,8569,5648,5635,8575,8625,8509,8567,8586,8581,8525,8565,5670,8597,8598,8564
13,8570,5646,5639,8575,8626,8510,8567,8586,8581,8527,8564,5671,8596,8598,8565
13,8569,5646,5642,8576,8626,8509,8567,8587,8580,8526,8563,5668,8596,8599,8565
13,8569,5650,5644,8576,8626,8510,8567,8588,8581,8526,8564,5671,8598,8598,8565
14,8570,5648,5642,8576,8626,8510,8567,8591,8582,8527,8565,5675,8597,8600,8565
13,8570,5648,5642,8576,8626,8510,8567,8586,8581,8526,8565,5669,8597,8599,8565
14,8569,5652,5645,8576,8626,8510,8567,8587,8582,8525,8566,5670,8597,8598,8566
13,8569,5648,5644,8576,8626,8510,8566,8586,8582,8526,8565,5674,8597,8600,8565
14,8569,5647,5647,8575,8626,8509,8567,8587,8582,8526,8564,5670,8598,8599,8565
14,8570,5649,5644,8576,8626,8510,8567,8587,8584,8528,8565,5671,8598,8599,8565
13,8570,5649,5643,8576,8626,8510,8567,8587,8582,8528,8563,5671,8597,8598,8565
13,8570,5650,5643,8576,8626,8510,8568,8587,8580,8528,8565,5669,8597,8600,8565
13,8570,5652,5647,8576,8626,8510,8568,8588,8583,8528,8566,5669,8597,8598,8565
14,8569,5649,5643,8576,8626,8510,8567,8587,8582,8528,8565,5667,8599,8600,8566
13,8570,5649,5642,8576,8626,8510,8568,8587,8582,8527,8565,5673,8598,8599,8565
14,8569,5652,5644,8575,8627,8510,8568,8587,8583,8528,8564,5665,8597,8598,8565
13,8570,5650,5647,8576,8626,8510,8567,8586,8584,8528,8564,5675,8598,8599,8565
13,8569,5649,5647,8576,8626,8510,8567,8587,8582,8526,8565,5665,8597,8599,8565
13,8569,5653,5642,8576,8626,8510,8567,8588,8582,8528,8565,5665,8598,8600,8565
14,8570,5649,5647,8576,8626,8510,8567,8587,8582,8527,8566,5674,8598,8598,8565
14,8570,5648,5647,8576,8626,8510,8567,8586,8582,8526,8564,5666,8598,8599,8565
13,8570,5647,5647,8576,8626,8510,8568,8588,8582,8527,8565,5666,8598,8599,8566
14,8569,5649,5645,8576,8625,8509,8567,8585,8581,8525,8562,5671,8596,8596,8563
13,8566,5647,5641,8571,8621,8506,8564,8583,8576,8522,8559,5664,8594,8596,8562
13,8566,5647,5645,8573,8622,8506,8564,8583,8575,8518,8555,5666,8586,8588,8556
13,8560,5646,5640,8568,8617,8500,8556,8573,8567,8512,8551,5658,8582,8580,8544
13,8538,5641,5634,8532,8581,8470,8526,8543,8529,8461,8486,5644,8530,8520,8478
13,8528,5636,5633,8538,8590,8474,8534,8554,8550,8493,8531,5662,8563,8563,8531
13,8530,5639,5631,8526,8570,8458,8508,8529,8526,8466,8505,5651,8536,8534,8498
13,8450,5617,5615,8445,8495,8380,8424,8444,8442,8389,8424,5603,8431,8449,8386
14,8434,5608,5602,8447,8493,8388,8440,8459,8427,8382,8422,5624,8451,8445,8403
13,8404,5603,5601,8433,8482,8360,8422,8441,8429,8374,8417,5617,8437,8425,8388
14,8401,5603,5603,8440,8480,8358,8406,8421,8415,8365,8394,5613,8433,8412,8373
13,8407,5595,5588,8406,8458,8336,8388,8410,8426,8385,8409,5614,8465,8467,8420
14,8410,5604,5596,8442,8493,8390,8452,8471,8472,8414,8447,5633,8474,8477,8443
13,8448,5615,5607,8461,8507,8395,8459,8481,8481,8439,8479,5642,8517,8529,8495
13,8501,5635,5629,8515,8567,8450,8509,8528,8518,8461,8502,5646,8541,8544,8511
13,8520,5636,5633,8527,8579,8464,8521,8539,8536,8480,8515,5653,8547,8548,8513
13,8518,5636,5630,8515,8562,8448,8505,8519,8516,8463,8498,5649,8534,8532,8499
13,8525,5636,5635,8535,8584,8469,8527,8547,8544,8489,8525,5655,8562,8562,8527
13,8524,5636,5631,8524,8560,8444,8500,8519,8508,8457,8499,5642,8532,8530,8494
13,8509,5636,5630,8516,8565,8450,8507,8526,8522,8467,8505,5648,8531,8529,8494
13,8500,5633,5629,8510,8559,8443,8500,8520,8515,8463,8497,5646,8530,8533,8499
13,8503,5634,5630,8511,8561,8445,8502,8520,8517,8462,8500,5648,8532,8532,8497
13,8501,5634,5629,8512,8562,8449,8506,8525,8520,8466,8502,5650,8534,8537,8503
14,8507,5635,5632,8515,8564,8449,8506,8525,8522,8468,8506,5650,8538,8540,8505
13,8510,5638,5629,8518,8567,8452,8510,8528,8524,8469,8506,5651,8540,8541,8507
13,8512,5635,5630,8520,8570,8454,8511,8531,8526,8472,8509,5646,8540,8541,8507
14,8510,5638,5629,8517,8567,8451,8508,8527,8523,8469,8504,5656,8538,8540,8505
13,8509,5636,5628,8517,8567,8451,8508,8527,8523,8467,8504,5650,8539,8539,8505
13,8509,5636,5630,8516,8566,8450,8507,8527,8523,8465,8502,5649,8537,8539,8504
13,8509,5638,5630,8516,8566,8450,8508,8526,8521,8467,8504,5654,8538,8539,8505
13,8510,5635,5630,8517,8567,8451,8509,8529,8524,8470,8507,5651,8539,8541,8506
14,8510,5637,5630,8518,8568,8452,8509,8527,8522,8469,8506,5649,8539,8540,8507
13,8512,5636,5629,8520,8570,8454,8511,8531,8526,8472,8509,5651,8542,8543,8509
13,8513,5635,5632,8521,8571,8455,8513,8532,8526,8471,8510,5645,8542,8543,8510
14,8514,5634,5630,8521,8572,8456,8513,8532,8527,8473,8510,5654,8543,8545,8510
13,8514,5637,5630,8521,8571,8456,8512,8534,8529,8472,8509,5651,8542,8542,8510
13,8513,5637,5632,8521,8572,8455,8513,8531,8528,8473,8510,5647,8543,8543,8509
13,8513,5633,5630,8521,8571,8455,8512,8531,8528,8474,8509,5646,8543,8543,8510
13,8514,5637,5632,8522,8571,8456,8513,8533,8528,8471,8510,5649,8543,8545,8510
13,8515,5637,5630,8522,8572,8456,8514,8534,8526,8473,8510,5649,8542,8544,8510
14,8514,5635,5629,8521,8571,8455,8512,8532,8527,8472,8510,5644,8542,8543,8509
14,8513,5637,5627,8520,8570,8455,8511,8530,8526,8473,8509,5650,8541,8543,8509
12,8512,5636,5632,8520,8570,8454,8511,8530,8525,8472,8508,5647,8540,8542,8508
