13,8497,5632,5629,8505,8556,8439,8497,8514,8514,8459,8494,5644,8527,8528,8494
13,8497,5633,5629,8505,8556,8438,8496,8514,8513,8458,8493,5644,8527,8529,8494
14,8497,5634,5629,8505,8555,8438,8496,8515,8513,8459,8494,5644,8526,8528,8494
13,8497,5635,5628,8505,8555,8439,8497,8515,8514,8459,8495,5649,8527,8527,8495
13,8497,5632,5629,8505,8555,8439,8496,8514,8513,8459,8493,5646,8526,8528,8494
14,8497,5635,5627,8505,8555,8439,8496,8516,8513,8460,8494,5646,8527,8528,8493
14,8497,5635,5629,8505,8556,8438,8497,8513,8514,8460,8495,5640,8527,8528,8494
13,8497,5633,5629,8505,8555,8439,8496,8512,8512,8460,8493,5644,8528,8528,8494
14,8497,5633,5629,8505,8555,8439,8496,8514,8514,8460,8492,5652,8527,8528,8495
13,8497,5633,5629,8505,8556,8439,8496,8514,8514,8460,8493,5644,8527,8528,8492
13,8497,5635,5626,8505,8556,8439,8496,8514,8513,8460,8494,5640,8527,8528,8493
14,8497,5632,5628,8505,8556,8439,8497,8516,8513,8459,8494,5646,8527,8529,8495
14,8498,5633,5629,8505,8556,8439,8497,8515,8514,8460,8493,5641,8528,8528,8494
13,8497,5635,5625,8505,8555,8438,8496,8515,8515,8459,8495,5653,8527,8527,8494
13,8497,5631,5628,8505,8555,8439,8496,8513,8513,8459,8495,5640,8527,8528,8494
13,8497,5634,5629,8505,8555,8439,8496,8513,8511,8459,8494,5643,8527,8529,8494
14,8497,5633,5629,8505,8556,8439,8496,8514,8512,8458,8493,5642,8526,8528,8494
13,8497,5635,5626,8504,8556,8439,8496,8515,8514,8458,8494,5640,8527,8527,8494
13,8498,5635,5625,8505,8556,8439,8496,8517,8513,8460,8494,5648,8527,8529,8494
14,8497,5632,5623,8505,8556,8439,8496,8514,8514,8460,8494,5640,8527,8528,8494
14,8497,5635,5630,8505,8555,8439,8497,8515,8515,8460,8494,5647,8527,8528,8494
14,8497,5633,5629,8505,8556,8439,8496,8517,8514,8460,8494,5641,8527,8528,8495
13,8498,5633,5627,8505,8556,8439,8496,8514,8516,8459,8495,5641,8528,8528,8493
14,8497,5631,5626,8505,8556,8438,8497,8516,8515,8459,8494,5644,8527,8528,8493
14,8498,5635,5632,8505,8556,8439,8496,8516,8514,8460,8494,5651,8527,8527,8495
13,8497,5635,5627,8505,8555,8439,8496,8512,8515,8459,8494,5642,8528,8529,8494
14,8497,5636,5635,8505,8555,8439,8496,8515,8514,8460,8493,5642,8526,8529,8494
13,8497,5637,5636,8504,8555,8438,8496,8515,8515,8458,8494,5650,8528,8529,8495
13,8498,5641,5639,8506,8556,8439,8496,8515,8514,8460,8495,5641,8527,8528,8494
14,8498,5642,5643,8505,8556,8439,8497,8515,8511,8461,8494,5647,8528,8529,8495
13,8498,5639,5642,8506,8557,8439,8498,8516,8513,8461,8496,5649,8528,8530,8495
14,8514,5638,5640,8518,8559,8447,8505,8539,8541,8490,8498,5643,8546,8552,8515
14,8499,5639,5636,8505,8559,8440,8498,8517,8533,8508,8497,5643,8559,8536,8496
13,8493,5634,5629,8499,8553,8434,8493,8512,8527,8500,8491,5647,8552,8531,8496
14,8493,5633,5629,8498,8553,8434,8493,8511,8529,8500,8491,5646,8548,8528,8497
13,8493,5632,5629,8499,8553,8435,8493,8512,8524,8501,8492,5644,8546,8527,8498
13,8494,5631,5629,8498,8553,8434,8493,8512,8526,8499,8491,5642,8543,8526,8497
14,8495,5635,5630,8499,8554,8435,8494,8511,8529,8501,8493,5642,8541,8527,8497
14,8494,5632,5629,8499,8553,8435,8494,8513,8527,8500,8493,5645,8539,8527,8499
14,8494,5635,5629,8500,8554,8435,8494,8510,8527,8500,8492,5642,8537,8527,8499
13,8495,5635,5626,8499,8554,8435,8494,8512,8524,8498,8492,5644,8535,8527,8498
13,8494,5633,5629,8500,8555,8435,8494,8513,8527,8497,8495,5647,8535,8527,8498
14,8494,5635,5629,8500,8555,8435,8494,8511,8528,8498,8493,5647,8534,8528,8500
13,8495,5633,5627,8500,8554,8435,8495,8514,8526,8498,8493,5649,8533,8528,8499
13,8495,5635,5626,8500,8555,8436,8494,8515,8527,8498,8494,5642,8532,8527,8499
13,8495,5634,5627,8500,8555,8435,8495,8514,8526,8497,8495,5642,8531,8527,8499
13,8495,5633,5629,8499,8554,8436,8495,8513,8526,8499,8493,5645,8531,8528,8500
13,8495,5633,5626,8500,8555,8436,8495,8513,8529,8496,8493,5643,8530,8527,8499
14,8495,5632,5625,8500,8554,8436,8495,8513,8525,8494,8491,5643,8530,8528,8499
14,8495,5635,5627,8500,8555,8436,8495,8515,8526,8496,8493,5648,8530,8527,8498
13,8495,5632,5627,8500,8555,8436,8495,8515,8527,8495,8493,5644,8530,8528,8499
14,8496,5633,5629,8500,8555,8436,8495,8514,8527,8495,8494,5651,8529,8528,8498
14,8495,5635,5628,8500,8556,8436,8495,8514,8526,8496,8495,5646,8528,8528,8500
13,8496,5632,5630,8500,8554,8437,8495,8513,8527,8495,8494,5648,8528,8529,8500
13,8496,5631,5627,8500,8555,8436,8495,8512,8526,8495,8492,5643,8528,8528,8498
14,8495,5636,5627,8500,8555,8436,8496,8514,8525,8495,8495,5650,8528,8528,8500
14,8496,5635,5629,8500,8555,8437,8495,8515,8527,8494,8496,5640,8528,8528,8500
13,8496,5633,5629,8501,8556,8437,8495,8514,8525,8494,8493,5650,8528,8528,8500
13,8496,5635,5629,8501,8556,8436,8496,8511,8525,8494,8494,5645,8528,8528,8500
13,8496,5631,5628,8501,8555,8436,8495,8513,8525,8491,8493,5644,8527,8528,8499
13,8496,5635,5627,8501,8555,8438,8496,8514,8525,8493,8495,5644,8528,8528,8500
13,8497,5633,5628,8501,8556,8437,8496,8513,8525,8493,8494,5641,8528,8529,8501
13,8497,5635,5622,8501,8556,8437,8496,8514,8525,8491,8496,5646,8527,8529,8500
13,8496,5633,5626,8503,8555,8437,8495,8521,8526,8482,8492,5643,8509,8524,8511
13,8512,5633,5621,8510,8556,8445,8509,8519,8515,8451,8496,5642,8498,8512,8495
13,8489,5622,5607,8494,8545,8428,8487,8503,8499,8438,8483,5635,8491,8510,8484
13,8488,5619,5612,8495,8546,8430,8487,8506,8500,8438,8484,5640,8495,8515,8485
13,8489,5621,5616,8496,8546,8430,8488,8505,8498,8441,8483,5645,8498,8516,8485
13,8489,5623,5621,8496,8547,8430,8488,8506,8502,8440,8484,5641,8502,8518,8486
14,8489,5625,5619,8497,8546,8430,8488,8505,8501,8439,8485,5645,8502,8518,8485
13,8488,5629,5622,8496,8546,8430,8487,8507,8499,8440,8485,5641,8505,8519,8485
14,8490,5627,5624,8496,8546,8430,8488,8505,8500,8439,8486,5644,8505,8519,8485
14,8489,5631,5622,8496,8546,8430,8488,8506,8499,8441,8484,5641,8508,8519,8485
14,8489,5632,5627,8496,8547,8431,8487,8505,8500,8438,8486,5640,8510,8519,8485
13,8488,5630,5626,8496,8546,8431,8488,8504,8501,8440,8485,5646,8510,8519,8485
13,8488,5628,5627,8496,8546,8429,8487,8506,8498,8441,8484,5642,8510,8519,8484
13,8489,5628,5621,8496,8547,8431,8488,8505,8498,8442,8485,5639,8511,8518,8484
13,8489,5633,5627,8496,8546,8431,8488,8505,8500,8440,8484,5641,8512,8519,8484
13,8489,5628,5629,8496,8546,8430,8487,8505,8500,8441,8486,5643,8513,8517,8484
12,8489,5632,5619,8496,8547,8430,8488,8504,8502,8440,8485,5643,8513,8519,8485
13,8489,5634,5630,8496,8546,8430,8487,8505,8501,8440,8484,5650,8514,8519,8484
13,8488,5633,5627,8496,8546,8430,8488,8505,8500,8441,8485,5644,8513,8520,8485
14,8489,5631,5626,8495,8547,8430,8488,8507,8502,8441,8485,5643,8514,8519,8485
13,8488,5633,5625,8496,8546,8430,8488,8505,8500,8440,8485,5638,8516,8519,8485
14,8489,5635,5629,8497,8547,8431,8487,8507,8501,8440,8485,5647,8516,8519,8484
13,8489,5636,5629,8496,8546,8430,8487,8506,8502,8441,8487,5644,8515,8518,8485
14,8489,5627,5627,8496,8547,8430,8487,8505,8501,8440,8486,5639,8516,8518,8485
13,8489,5633,5626,8496,8546,8430,8488,8506,8500,8441,8483,5644,8515,8520,8484
13,8489,5632,5628,8496,8547,8430,8488,8506,8501,8441,8485,5641,8517,8520,8485
13,8489,5631,5625,8496,8547,8430,8487,8505,8501,8442,8485,5639,8516,8519,8485
13,8488,5635,5625,8496,8547,8430,8488,8506,8503,8441,8484,5639,8516,8520,8485
14,8489,5626,5626,8496,8546,8430,8487,8506,8500,8441,8484,5643,8517,8520,8484
14,8489,5630,5624,8495,8546,8430,8488,8505,8501,8442,8484,5639,8517,8520,8484
14,8489,5635,5625,8496,8547,8430,8487,8503,8501,8441,8484,5648,8516,8518,8485
13,8489,5629,5622,8496,8547,8430,8487,8506,8502,8441,8484,5643,8518,8519,8485
13,8489,5633,5626,8496,8547,8430,8487,8506,8498,8442,8486,5643,8517,8520,8484
13,8489,5630,5628,8496,8547,8430,8488,8506,8501,8442,8485,5644,8518,8519,8485
13,8488,5630,5625,8496,8546,8430,8487,8508,8503,8443,8486,5641,8517,8519,8484
14,8489,5630,5627,8496,8546,8430,8487,8506,8500,8442,8486,5646,8516,8520,8485
14,8489,5633,5628,8496,8547,8430,8488,8506,8502,8441,8484,5637,8518,8519,8485
13,8489,5635,5625,8496,8547,8430,8487,8505,8500,8441,8484,5643,8516,8520,8485
14,8489,5627,5622,8496,8547,8430,8487,8503,8502,8442,8484,5639,8516,8518,8484
13,8488,5627,5622,8495,8545,8429,8487,8505,8500,8442,8483,5640,8514,8516,8481
13,8484,5630,5621,8486,8537,8419,8477,8496,8493,8435,8478,5636,8512,8513,8479
13,8485,5629,5625,8492,8541,8422,8481,8501,8498,8442,8487,5644,8521,8518,8482
13,8492,5634,5624,8496,8545,8428,8486,8505,8498,8438,8479,5640,8511,8509,8474
14,8438,5609,5604,8451,8499,8390,8443,8457,8450,8390,8430,5629,8456,8455,8414
14,8449,5615,5606,8448,8506,8386,8455,8478,8476,8414,8453,5632,8494,8501,8470
14,8474,5618,5614,8478,8526,8415,8480,8486,8456,8402,8455,5628,8502,8506,8473
14,8502,5635,5629,8512,8563,8446,8504,8523,8520,8465,8511,5650,8547,8551,8519
13,8522,5637,5631,8531,8582,8465,8523,8540,8538,8478,8519,5651,8551,8552,8516
13,8522,5637,5632,8528,8577,8460,8517,8538,8533,8474,8517,5652,8549,8551,8516
14,8518,5636,5632,8526,8577,8460,8518,8535,8532,8474,8516,5657,8547,8550,8515
13,8518,5639,5631,8526,8576,8458,8513,8526,8525,8466,8508,5647,8541,8542,8508
14,8514,5637,5630,8521,8572,8455,8513,8531,8528,8471,8511,5649,8543,8544,8510
13,8510,5635,5632,8519,8570,8453,8510,8530,8523,8466,8509,5645,8540,8541,8507
13,8511,5635,5630,8518,8569,8452,8510,8528,8521,8465,8507,5654,8540,8541,8505
13,8507,5637,5630,8513,8564,8447,8505,8524,8520,8461,8503,5648,8536,8538,8503
13,8507,5635,5630,8514,8564,8448,8505,8524,8520,8460,8504,5647,8536,8538,8503
13,8507,5636,5630,8514,8564,8448,8504,8522,8517,8459,8501,5650,8533,8536,8500
14,8504,5637,5629,8511,8562,8445,8502,8521,8518,8459,8497,5649,8532,8534,8500
14,8504,5633,5629,8512,8563,8446,8504,8523,8517,8461,8502,5650,8534,8534,8501
13,8504,5633,5630,8511,8562,8446,8503,8523,8516,8461,8502,5643,8535,8536,8502
14,8506,5635,5630,8513,8564,8447,8505,8524,8521,8462,8504,5646,8537,8538,8503
13,8508,5638,5630,8514,8565,8448,8506,8524,8519,8463,8503,5648,8536,8538,8503
14,8507,5637,5629,8514,8564,8448,8505,8525,8520,8461,8501,5656,8535,8536,8503
13,8505,5636,5630,8512,8563,8447,8504,8523,8519,8462,8502,5650,8534,8535,8501
14,8504,5635,5629,8511,8562,8445,8502,8520,8517,8459,8500,5650,8533,8534,8498
14,8501,5633,5624,8508,8559,8442,8499,8517,8515,8457,8497,5645,8529,8531,8497
13,8502,5632,5624,8508,8559,8443,8500,8518,8512,8458,8497,5642,8530,8531,8497
13,8502,5636,5630,8508,8560,8443,8500,8520,8515,8457,8498,5647,8532,8532,8498
13,8503,5634,5630,8511,8561,8445,8503,8522,8519,8458,8500,5644,8534,8534,8500
14,8505,5635,5628,8512,8562,8446,8503,8522,8518,8462,8502,5651,8535,8536,8501
13,8506,5633,5630,8513,8564,8447,8504,8524,8520,8463,8503,5650,8536,8537,8503
13,8508,5636,5632,8515,8565,8449,8506,8526,8521,8463,8505,5652,8537,8538,8504
14,8510,5637,5628,8516,8566,8451,8508,8528,8523,8466,8507,5651,8538,8540,8504
14,8510,5635,5630,8517,8567,8451,8509,8527,8524,8467,8507,5653,8540,8540,8506
14,8511,5634,5631,8518,8568,8452,8510,8528,8526,8467,8507,5648,8540,8541,8506
14,8511,5636,5628,8519,8569,8454,8510,8530,8526,8468,8508,5648,8541,8542,8508
14,8513,5637,5631,8520,8570,8454,8511,8531,8525,8471,8509,5651,8542,8543,8509
13,8507,5634,5630,8515,8565,8450,8507,8527,8522,8466,8504,5648,8538,8540,8506
13,8511,5639,5636,8518,8568,8451,8509,8528,8524,8468,8508,5645,8540,8541,8506
13,8507,5638,5642,8514,8563,8448,8505,8522,8521,8463,8503,5651,8536,8537,8503
14,8505,5641,5639,8511,8562,8446,8503,8523,8515,8459,8494,5650,8531,8532,8498
14,8501,5637,5641,8507,8558,8441,8499,8518,8516,8456,8496,5646,8530,8530,8496
14,8498,5638,5641,8503,8553,8436,8494,8514,8510,8454,8493,5645,8526,8527,8492
13,8502,5638,5644,8508,8558,8443,8505,8523,8515,8459,8496,5648,8530,8534,8504
13,8512,5640,5639,8513,8558,8441,8498,8541,8538,8477,8496,5654,8560,8546,8515
13,8508,5638,5635,8517,8568,8449,8509,8545,8548,8497,8507,5651,8569,8549,8523
13,8514,5638,5630,8523,8574,8455,8513,8550,8552,8499,8514,5656,8570,8551,8527
13,8518,5639,5635,8526,8578,8458,8517,8554,8555,8503,8517,5655,8570,8553,8531
14,8519,5637,5636,8528,8580,8460,8519,8556,8556,8503,8518,5650,8568,8553,8532
13,8520,5637,5633,8529,8580,8461,8519,8556,8556,8502,8518,5657,8568,8554,8533
14,8520,5642,5635,8529,8580,8461,8519,8555,8555,8504,8518,5651,8565,8554,8533
13,8520,5637,5631,8529,8581,8461,8520,8557,8556,8504,8520,5652,8565,8553,8533
14,8521,5636,5630,8531,8582,8462,8521,8557,8558,8504,8520,5651,8563,8555,8534
13,8522,5639,5635,8531,8582,8463,8522,8557,8559,8505,8521,5651,8563,8556,8535
13,8523,5636,5635,8532,8584,8464,8522,8559,8560,8505,8521,5652,8562,8557,8536
13,8524,5637,5633,8533,8584,8465,8523,8559,8558,8508,8524,5654,8564,8557,8538
13,8525,5638,5632,8534,8585,8466,8524,8561,8559,8506,8522,5655,8563,8557,8538
13,8526,5639,5632,8535,8586,8467,8526,8563,8562,8508,8524,5657,8563,8560,8540
14,8527,5639,5634,8535,8587,8467,8526,8562,8561,8509,8524,5658,8563,8560,8539
14,8527,5639,5635,8536,8587,8468,8526,8563,8562,8507,8526,5660,8563,8560,8539
14,8527,5639,5632,8536,8587,8467,8526,8563,8561,8507,8525,5659,8561,8560,8539
13,8527,5639,5632,8536,8587,8468,8526,8563,8561,8507,8526,5655,8561,8560,8539
14,8527,5641,5632,8537,8587,8469,8527,8564,8562,8509,8524,5661,8562,8560,8539
14,8528,5640,5634,8537,8587,8468,8526,8562,8561,8508,8525,5661,8562,8561,8541
13,8529,5637,5634,8537,8588,8469,8527,8562,8561,8508,8526,5660,8562,8561,8541
13,8528,5639,5632,8537,8588,8469,8528,8564,8560,8509,8528,5658,8562,8560,8540
13,8529,5641,5632,8537,8588,8469,8528,8563,8562,8509,8526,5650,8562,8561,8541
14,8529,5639,5633,8537,8588,8469,8527,8562,8561,8507,8526,5654,8561,8561,8541
13,8529,5641,5632,8537,8588,8469,8528,8564,8561,8508,8523,5657,8560,8560,8541
14,8529,5637,5632,8537,8588,8469,8528,8563,8561,8508,8526,5660,8561,8560,8540
13,8529,5639,5634,8537,8588,8469,8527,8564,8560,8507,8525,5661,8561,8560,8540
12,8528,5637,5635,8537,8589,8468,8527,8560,8559,8506,8525,5654,8559,8560,8541
14,8528,5639,5634,8537,8587,8468,8526,8562,8560,8505,8526,5651,8559,8560,8540
14,8528,5641,5632,8536,8586,8468,8526,8562,8557,8506,8525,5647,8559,8559,8539
14,8528,5639,5634,8535,8587,8467,8526,8563,8559,8506,8525,5657,8559,8560,8538
14,8527,5639,5632,8536,8586,8466,8525,8562,8556,8502,8523,5660,8553,8558,8540
14,8538,5636,5629,8544,8586,8476,8538,8558,8548,8484,8524,5659,8531,8547,8529
14,8523,5631,5619,8530,8582,8466,8522,8541,8532,8478,8519,5645,8527,8545,8521
14,8528,5629,5619,8534,8584,8468,8525,8545,8537,8478,8524,5648,8534,8552,8523
13,8527,5630,5622,8534,8584,8468,8525,8545,8537,8480,8522,5656,8536,8554,8523
14,8528,5632,5622,8534,8584,8468,8525,8544,8537,8480,8522,5658,8538,8556,8523
14,8528,5632,5628,8534,8585,8468,8526,8545,8536,8478,8524,5656,8541,8556,8523
13,8528,5637,5627,8534,8585,8468,8526,8545,8536,8480,8523,5649,8542,8556,8524
13,8528,5637,5630,8535,8585,8469,8526,8546,8536,8481,8524,5654,8544,8557,8523
13,8529,5637,5633,8534,8585,8469,8526,8546,8536,8481,8522,5653,8547,8557,8523
13,8529,5640,5634,8535,8585,8469,8526,8544,8538,8480,8523,5655,8547,8557,8523
14,8528,5640,5632,8535,8585,8469,8526,8543,8537,8482,8523,5656,8549,8558,8523
13,8528,5635,5633,8534,8585,8469,8526,8544,8536,8480,8523,5657,8549,8557,8523
13,8529,5639,5632,8534,8585,8469,8526,8544,8536,8480,8524,5655,8551,8557,8523
13,8528,5639,5634,8534,8585,8469,8526,8543,8537,8481,8522,5649,8550,8558,8523
14,8529,5636,5635,8535,8585,8469,8526,8546,8536,8481,8523,5654,8551,8557,8522
14,8528,5637,5633,8534,8585,8469,8526,8545,8537,8480,8523,5656,8552,8557,8523
13,8528,5639,5632,8534,8585,8469,8526,8544,8535,8482,8525,5658,8553,8557,8523
14,8529,5639,5635,8535,8585,8469,8526,8545,8537,8479,8523,5652,8553,8558,8523
13,8529,5637,5632,8535,8585,8469,8526,8544,8538,8481,8523,5652,8554,8558,8523
14,8529,5637,5635,8534,8585,8469,8526,8542,8538,8482,8522,5656,8554,8557,8523
13,8529,5639,5632,8535,8585,8469,8526,8543,8536,8482,8523,5658,8554,8558,8523
13,8528,5637,5635,8534,8585,8469,8525,8545,8540,8481,8525,5652,8555,8558,8523
14,8529,5639,5632,8534,8586,8469,8526,8546,8540,8481,8523,5655,8554,8558,8522
13,8529,5637,5631,8535,8585,8469,8526,8546,8539,8482,8525,5660,8555,8557,8523
13,8529,5639,5633,8535,8585,8469,8525,8546,8538,8481,8524,5651,8554,8558,8524
14,8529,5637,5634,8534,8585,8469,8526,8546,8538,8480,8523,5655,8555,8558,8523
13,8529,5636,5632,8535,8585,8469,8526,8546,8539,8482,8523,5660,8556,8557,8523
13,8529,5639,5635,8535,8586,8469,8526,8544,8537,8482,8524,5652,8556,8558,8523
13,8529,5637,5632,8535,8585,8469,8526,8544,8538,8483,8524,5660,8556,8558,8522
13,8529,5639,5633,8534,8586,8469,8526,8546,8539,8480,8522,5654,8556,8557,8522
13,8529,5636,5632,8535,8585,8469,8526,8543,8538,8484,8525,5653,8556,8558,8523
14,8529,5639,5635,8535,8585,8469,8526,8546,8540,8482,8524,5661,8556,8558,8523
13,8529,5637,5633,8535,8585,8469,8526,8549,8539,8482,8525,5650,8556,8558,8522
13,8529,5639,5635,8535,8586,8469,8526,8547,8541,8483,8524,5659,8556,8557,8525
13,8529,5637,5634,8535,8586,8470,8526,8546,8538,8484,8523,5657,8556,8558,8522
13,8529,5637,5632,8535,8585,8469,8526,8545,8538,8482,8522,5656,8557,8558,8524
13,8529,5639,5632,8535,8586,8469,8527,8545,8539,8485,8525,5657,8556,8558,8523
14,8530,5637,5632,8535,8586,8470,8526,8547,8539,8481,8524,5660,8556,8558,8524
13,8528,5639,5632,8534,8584,8468,8524,8543,8537,8480,8520,5653,8553,8554,8519
13,8524,5639,5631,8531,8583,8467,8524,8544,8537,8482,8523,5655,8556,8554,8520
14,8521,5636,5633,8522,8571,8453,8506,8521,8510,8452,8491,5648,8519,8521,8483
13,8485,5624,5614,8481,8531,8420,8478,8502,8498,8444,8486,5647,8524,8530,8499
13,8452,5608,5606,8448,8488,8369,8432,8451,8444,8387,8428,5624,8459,8474,8447
14,8428,5607,5605,8457,8510,8396,8448,8467,8463,8404,8431,5627,8466,8466,8438
14,8426,5608,5598,8437,8487,8376,8418,8442,8426,8383,8425,5626,8459,8451,8407
14,8430,5609,5604,8451,8493,8375,8438,8456,8451,8400,8452,5632,8477,8474,8432
13,8439,5613,5607,8455,8506,8390,8449,8470,8464,8410,8452,5634,8476,8472,8438
13,8456,5616,5611,8449,8502,8387,8448,8470,8466,8410,8449,5631,8482,8484,8450
13,8444,5612,5604,8450,8499,8384,8442,8460,8450,8396,8440,5630,8482,8485,8452
13,8458,5617,5615,8464,8516,8401,8458,8479,8473,8414,8454,5638,8487,8490,8458
13,8472,5623,5618,8478,8529,8414,8471,8491,8486,8430,8468,5642,8499,8499,8465
13,8474,5621,5617,8482,8533,8419,8476,8497,8491,8436,8476,5637,8510,8511,8477
14,8483,5627,5627,8488,8539,8422,8477,8497,8490,8435,8474,5639,8506,8508,8472
14,8476,5621,5620,8481,8533,8416,8471,8490,8484,8428,8468,5635,8501,8502,8468
13,8474,5627,5618,8479,8529,8414,8470,8490,8482,8427,8467,5634,8500,8501,8468
13,8473,5621,5621,8478,8528,8413,8469,8489,8482,8427,8468,5636,8498,8500,8466
14,8471,5622,5621,8476,8526,8411,8467,8487,8481,8424,8466,5635,8499,8499,8465
14,8473,5621,5621,8477,8528,8412,8468,8489,8481,8427,8463,5636,8499,8500,8464
13,8469,5621,5617,8474,8524,8409,8464,8485,8476,8422,8462,5639,8496,8498,8464
14,8470,5621,5620,8476,8527,8411,8467,8487,8482,8427,8463,5638,8498,8501,8467
13,8477,5627,5618,8482,8533,8417,8473,8493,8486,8431,8471,5640,8503,8503,8470
14,8474,5623,5619,8479,8529,8415,8470,8492,8484,8429,8468,5642,8502,8503,8469
13,8476,5628,5619,8483,8534,8420,8475,8495,8491,8435,8474,5640,8508,8509,8474
13,8479,5627,5623,8484,8535,8419,8475,8496,8489,8433,8472,5640,8506,8509,8474
13,8481,5628,5618,8486,8537,8421,8478,8499,8492,8438,8476,5645,8508,8509,8476
14,8480,5629,5619,8485,8536,8420,8476,8497,8491,8436,8475,5644,8507,8509,8474
14,8479,5628,5626,8483,8534,8418,8475,8495,8489,8435,8473,5638,8506,8508,8474
13,8479,5625,5625,8484,8536,8420,8477,8496,8495,8438,8476,5640,8509,8509,8476
14,8483,5624,5627,8488,8539,8424,8480,8499,8495,8440,8478,5640,8512,8512,8478
14,8485,5632,5624,8490,8541,8426,8482,8500,8496,8441,8479,5642,8513,8515,8481
14,8489,5637,5627,8494,8545,8429,8486,8507,8501,8445,8485,5635,8517,8518,8484
13,8493,5630,5627,8498,8548,8433,8489,8510,8503,8447,8487,5648,8521,8522,8488
13,8496,5634,5628,8501,8551,8436,8492,8510,8506,8451,8489,5645,8523,8525,8491
13,8498,5633,5627,8503,8554,8438,8495,8517,8510,8454,8493,5642,8526,8528,8493
13,8499,5633,5629,8504,8556,8440,8496,8519,8509,8456,8493,5646,8528,8528,8494
13,8500,5634,5629,8505,8556,8440,8496,8517,8512,8455,8496,5642,8528,8529,8494
13,8500,5635,5627,8504,8556,8421,8476,8502,8496,8442,8484,5644,8516,8517,8484
14,8493,5632,5625,8498,8549,8433,8489,8509,8504,8447,8487,5642,8519,8521,8487
13,8495,5635,5635,8501,8552,8436,8492,8513,8505,8451,8490,5643,8525,8526,8492
13,8499,5636,5635,8505,8556,8440,8496,8517,8511,8455,8488,5649,8521,8523,8490
13,8500,5638,5639,8504,8557,8440,8497,8518,8514,8459,8497,5647,8533,8535,8502
13,8506,5643,5642,8513,8563,8446,8503,8525,8519,8462,8502,5654,8533,8535,8500
12,8512,5642,5645,8516,8566,8451,8507,8524,8519,8465,8503,5657,8537,8539,8503
13,8524,5643,5647,8516,8566,8453,8516,8539,8527,8470,8509,5653,8544,8547,8522
13,8525,5644,5642,8525,8570,8454,8510,8549,8548,8483,8508,5653,8550,8557,8525
13,8528,5635,5631,8531,8577,8462,8518,8561,8555,8489,8518,5655,8559,8559,8534
13,8535,5641,5635,8537,8583,8467,8523,8562,8560,8495,8521,5660,8561,8560,8537
13,8535,5636,5633,8537,8583,8466,8523,8564,8561,8497,8522,5650,8561,8558,8538
13,8536,5637,5632,8539,8584,8469,8525,8565,8561,8497,8524,5658,8562,8558,8538
13,8538,5639,5632,8541,8586,8471,8526,8566,8562,8498,8524,5656,8562,8560,8540
13,8538,5638,5632,8540,8587,8470,8526,8567,8562,8499,8525,5653,8562,8559,8540
13,8538,5640,5634,8541,8587,8470,8526,8565,8561,8499,8526,5665,8562,8559,8540
13,8538,5636,5635,8541,8586,8471,8527,8565,8563,8497,8525,5649,8562,8559,8540
13,8539,5639,5635,8540,8586,8471,8526,8567,8561,8498,8525,5657,8561,8559,8539
13,8538,5639,5631,8540,8586,8470,8526,8566,8559,8497,8524,5657,8560,8558,8539
14,8538,5637,5630,8540,8586,8470,8526,8564,8560,8496,8524,5660,8559,8558,8540
14,8538,5638,5636,8540,8586,8470,8527,8565,8561,8496,8523,5656,8559,8559,8539
14,8538,5639,5635,8541,8587,8471,8528,8565,8559,8499,8524,5659,8560,8560,8541
14,8539,5639,5635,8542,8588,8472,8528,8566,8561,8499,8524,5659,8561,8560,8542
13,8540,5638,5635,8543,8589,8473,8529,8566,8562,8500,8527,5659,8561,8561,8543
13,8542,5638,5632,8544,8590,8474,8530,8568,8562,8501,8528,5659,8562,8563,8543
13,8543,5642,5633,8545,8591,8475,8531,8569,8565,8501,8529,5661,8563,8563,8545
14,8544,5641,5634,8545,8591,8475,8531,8570,8565,8502,8529,5661,8564,8564,8544
14,8543,5641,5632,8546,8591,8475,8532,8570,8562,8502,8531,5661,8563,8563,8544
13,8544,5639,5635,8545,8591,8475,8532,8570,8564,8502,8528,5659,8564,8564,8546
13,8543,5641,5633,8546,8591,8476,8532,8570,8564,8501,8528,5658,8564,8565,8545
14,8543,5642,5635,8547,8592,8476,8532,8572,8563,8502,8529,5662,8564,8564,8545
13,8544,5642,5638,8546,8592,8476,8533,8570,8562,8503,8530,5659,8564,8564,8546
13,8544,5641,5634,8547,8592,8477,8533,8571,8565,8503,8532,5666,8564,8565,8547
13,8545,5638,5634,8547,8592,8477,8533,8571,8565,8503,8531,5656,8565,8564,8546
13,8545,5641,5633,8546,8593,8477,8533,8571,8564,8503,8530,5657,8564,8565,8545
13,8545,5642,5636,8547,8593,8477,8533,8569,8563,8503,8530,5665,8564,8564,8545
13,8545,5643,5635,8547,8593,8477,8533,8571,8567,8502,8532,5655,8564,8565,8546
13,8545,5642,5640,8547,8592,8477,8533,8572,8565,8504,8529,5661,8565,8564,8545
14,8545,5641,5635,8547,8593,8477,8534,8571,8564,8502,8530,5661,8564,8564,8545
13,8541,5641,5630,8544,8587,8476,8532,8564,8552,8488,8525,5659,8552,8545,8536
13,8531,5633,5622,8516,8567,8451,8508,8529,8518,8467,8501,5646,8523,8520,8498
13,8517,5628,5619,8520,8570,8454,8510,8532,8519,8467,8505,5645,8530,8533,8505
14,8512,5629,5617,8517,8567,8451,8508,8527,8520,8464,8506,5646,8531,8536,8504
13,8511,5630,5622,8516,8566,8451,8507,8529,8518,8464,8506,5654,8532,8538,8505
13,8511,5633,5622,8516,8566,8451,8507,8527,8517,8465,8505,5653,8532,8538,8504
13,8511,5632,5625,8515,8566,8451,8507,8527,8516,8465,8505,5644,8533,8538,8504
13,8511,5634,5625,8516,8566,8452,8507,8527,8517,8465,8505,5652,8534,8537,8504
13,8511,5636,5626,8517,8567,8451,8507,8527,8519,8467,8504,5646,8534,8539,8503
13,8511,5635,5630,8517,8567,8451,8508,8528,8519,8466,8504,5649,8534,8539,8504
14,8512,5637,5629,8517,8567,8451,8508,8529,8518,8465,8505,5656,8535,8539,8504
13,8511,5635,5631,8517,8567,8451,8508,8526,8518,8464,8506,5648,8537,8539,8505
13,8512,5636,5630,8517,8567,8451,8508,8530,8518,8464,8505,5653,8536,8539,8505
14,8511,5635,5629,8517,8567,8451,8508,8528,8520,8467,8505,5650,8536,8540,8504
13,8511,5636,5628,8517,8567,8452,8508,8530,8520,8467,8505,5653,8537,8540,8505
13,8511,5633,5632,8517,8567,8452,8508,8528,8518,8465,8505,5653,8536,8540,8504
14,8511,5637,5631,8517,8567,8451,8508,8527,8519,8466,8506,5651,8537,8539,8505
13,8511,5638,5630,8517,8568,8452,8508,8528,8519,8467,8506,5651,8538,8540,8505
14,8512,5634,5630,8518,8568,8452,8508,8528,8517,8465,8505,5650,8537,8540,8504
13,8512,5633,5626,8517,8567,8452,8509,8528,8518,8466,8505,5648,8539,8540,8504
14,8512,5638,5630,8517,8568,8452,8508,8529,8518,8467,8506,5651,8538,8540,8504
14,8512,5636,5629,8517,8568,8453,8508,8530,8519,8467,8507,5654,8539,8541,8505
13,8512,5637,5629,8517,8568,8452,8509,8528,8520,8466,8507,5646,8539,8540,8506
13,8513,5637,5627,8518,8568,8453,8509,8528,8520,8466,8508,5652,8539,8542,8506
13,8512,5637,5633,8518,8568,8453,8509,8530,8520,8467,8506,5648,8538,8540,8505
13,8513,5635,5630,8518,8568,8452,8509,8531,8521,8467,8507,5653,8538,8541,8506
14,8513,5636,5629,8518,8568,8453,8509,8530,8522,8467,8505,5649,8540,8541,8505
14,8512,5639,5629,8518,8568,8453,8509,8527,8522,8467,8507,5645,8539,8541,8505
13,8519,5635,5629,8525,8575,8459,8515,8534,8523,8472,8510,5653,8539,8541,8506
13,8513,5636,5630,8518,8568,8453,8509,8530,8522,8468,8507,5652,8539,8541,8507
14,8513,5638,5629,8518,8569,8453,8509,8529,8523,8466,8505,5650,8540,8542,8508
13,8520,5638,5629,8525,8576,8460,8517,8537,8528,8474,8514,5652,8547,8548,8513
14,8519,5636,5633,8525,8575,8460,8517,8537,8527,8475,8514,5653,8546,8549,8513
14,8520,5635,5630,8525,8576,8460,8517,8535,8529,8475,8513,5653,8547,8549,8513
13,8520,5638,5630,8526,8576,8460,8517,8535,8528,8476,8515,5654,8547,8548,8513
14,8520,5638,5634,8526,8576,8461,8517,8538,8529,8475,8513,5654,8548,8549,8513
14,8520,5639,5630,8525,8576,8460,8517,8537,8528,8474,8513,5651,8546,8549,8514
13,8520,5638,5629,8526,8577,8461,8517,8535,8531,8475,8514,5652,8547,8548,8513
13,8520,5638,5634,8525,8576,8461,8516,8538,8527,8477,8514,5647,8547,8548,8513
13,8521,5636,5631,8525,8576,8460,8516,8531,8520,8465,8491,5647,8530,8534,8496
14,8499,5633,5628,8499,8552,8443,8503,8522,8519,8463,8506,5642,8539,8546,8512
13,8534,5642,5635,8550,8600,8486,8543,8566,8557,8502,8537,5663,8568,8576,8545
13,8550,5642,5639,8557,8606,8492,8546,8565,8550,8489,8520,5655,8548,8543,8500
13,8550,5641,5639,8555,8607,8491,8552,8577,8571,8517,8555,5672,8591,8593,8557
13,8558,5647,5641,8566,8619,8505,8564,8585,8577,8521,8561,5666,8595,8597,8563
13,8524,5639,5635,8541,8595,8482,8540,8559,8550,8498,8534,5658,8575,8579,8545
14,8563,5648,5641,8569,8621,8506,8565,8588,8578,8527,8564,5670,8596,8596,8561
14,8574,5655,5644,8579,8630,8514,8570,8591,8583,8528,8570,5675,8601,8602,8566
14,8572,5650,5645,8577,8628,8513,8569,8591,8582,8529,8569,5667,8602,8603,8568
14,8575,5653,5650,8580,8631,8514,8571,8591,8584,8529,8569,5675,8603,8603,8568
13,8577,5652,5646,8582,8633,8516,8574,8594,8587,8532,8573,5671,8604,8605,8569
14,8577,5653,5647,8582,8632,8517,8573,8595,8585,8534,8572,5674,8605,8606,8571
14,8578,5654,5647,8583,8634,8518,8574,8595,8583,8530,8568,5673,8598,8599,8565
13,8573,5649,5646,8577,8628,8512,8569,8590,8582,8529,8568,5671,8600,8601,8566
13,8573,5650,5644,8579,8629,8513,8569,8590,8582,8530,8567,5674,8601,8602,8568
13,8574,5653,5648,8579,8629,8513,8570,8592,8583,8530,8569,5673,8601,8602,8567
13,8575,5649,5646,8580,8631,8514,8571,8592,8583,8530,8570,5673,8602,8603,8567
14,8575,5653,5647,8580,8631,8514,8571,8593,8585,8531,8571,5671,8603,8605,8569
13,8575,5651,5647,8581,8631,8515,8571,8593,8586,8532,8568,5669,8603,8604,8570
13,8576,5649,5647,8581,8632,8516,8573,8596,8585,8532,8570,5669,8603,8604,8569
13,8576,5654,5647,8581,8632,8515,8573,8593,8587,8532,8570,5670,8604,8604,8570
14,8576,5651,5645,8581,8632,8516,8572,8592,8584,8533,8570,5672,8603,8604,8569
14,8576,5655,5646,8581,8632,8515,8573,8594,8585,8531,8572,5672,8602,8603,8569
13,8576,5653,5647,8582,8632,8516,8573,8593,8586,8533,8569,5678,8603,8605,8569
13,8576,5652,5643,8581,8631,8515,8572,8592,8585,8532,8569,5672,8603,8604,8569
13,8576,5651,5647,8581,8631,8516,8572,8593,8586,8532,8570,5672,8603,8604,8569
14,8576,5650,5646,8581,8632,8515,8572,8590,8584,8532,8568,5668,8602,8604,8569
14,8576,5652,5648,8580,8631,8515,8572,8593,8586,8532,8569,5672,8602,8603,8568
14,8576,5650,5648,8581,8631,8515,8572,8593,8586,8532,8569,5671,8602,8603,8569
13,8576,5651,5649,8581,8631,8515,8572,8593,8586,8531,8566,5674,8602,8603,8568
13,8575,5650,5646,8581,8631,8515,8572,8592,8582,8531,8571,5669,8602,8603,8568
14,8575,5654,5647,8581,8631,8515,8572,8595,8586,8532,8569,5672,8603,8604,8570
14,8576,5653,5649,8581,8631,8516,8572,8592,8585,8531,8569,5672,8602,8604,8568
14,8576,5653,5645,8580,8632,8516,8572,8593,8586,8532,8568,5671,8604,8604,8569
13,8576,5651,5648,8580,8631,8515,8572,8592,8586,8532,8570,5674,8603,8603,8568
13,8575,5650,5646,8581,8631,8516,8572,8593,8585,8530,8568,5675,8602,8604,8569
14,8576,5653,5646,8581,8632,8515,8573,8593,8585,8532,8569,5678,8603,8603,8568
14,8574,5650,5647,8580,8630,8513,8571,8592,8586,8530,8568,5669,8601,8602,8567
14,8573,5654,5651,8579,8630,8514,8570,8591,8584,8530,8570,5673,8601,8602,8567
13,8574,5657,5654,8580,8630,8514,8571,8593,8586,8531,8569,5678,8601,8602,8566
13,8575,5654,5653,8579,8630,8514,8571,8591,8585,8530,8567,5674,8602,8604,8567
14,8573,5656,5656,8579,8628,8513,8569,8590,8582,8528,8567,5677,8599,8600,8566
14,8578,5658,5659,8583,8634,8518,8575,8593,8584,8530,8568,5674,8597,8598,8563
13,8570,5658,5660,8576,8627,8511,8568,8588,8581,8527,8565,5674,8599,8600,8565
14,8595,5658,5660,8583,8629,8533,8583,8596,8589,8532,8568,5673,8601,8603,8574
14,8602,5655,5653,8593,8629,8540,8582,8602,8598,8532,8568,5675,8601,8605,8577
14,8601,5653,5649,8594,8631,8541,8583,8601,8598,8533,8568,5670,8602,8604,8580
13,8602,5653,5645,8595,8631,8542,8583,8602,8599,8532,8569,5669,8602,8603,8580
13,8601,5651,5647,8594,8630,8542,8583,8602,8598,8533,8570,5668,8603,8603,8580
14,8602,5647,5640,8595,8632,8542,8583,8603,8600,8534,8570,5670,8603,8604,8582
13,8602,5650,5646,8595,8631,8542,8583,8600,8600,8535,8569,5681,8603,8604,8581
13,8602,5657,5654,8595,8631,8542,8583,8602,8600,8534,8570,5671,8602,8603,8581
13,8602,5653,5656,8595,8631,8542,8583,8601,8598,8533,8569,5672,8602,8603,8579
13,8602,5651,5650,8595,8631,8542,8584,8602,8598,8533,8570,5671,8602,8604,8580
13,8602,5654,5649,8596,8632,8543,8584,8603,8600,8535,8570,5672,8603,8604,8581
13,8602,5653,5648,8596,8632,8543,8584,8602,8599,8535,8570,5674,8603,8605,8580
13,8602,5653,5645,8597,8632,8543,8585,8603,8599,8535,8571,5675,8605,8605,8582
13,8603,5655,5647,8597,8633,8544,8585,8604,8600,8536,8571,5670,8605,8605,8582
14,8603,5651,5648,8597,8633,8544,8585,8604,8598,8536,8572,5673,8605,8605,8583
14,8603,5650,5648,8597,8633,8544,8585,8604,8600,8536,8571,5672,8604,8606,8582
14,8603,5655,5648,8597,8633,8544,8585,8604,8599,8536,8569,5675,8605,8605,8582
14,8603,5656,5647,8598,8633,8544,8585,8604,8600,8537,8569,5674,8605,8605,8583
13,8603,5651,5650,8598,8633,8544,8586,8605,8601,8536,8572,5672,8605,8606,8582
14,8603,5653,5645,8598,8634,8544,8586,8603,8600,8536,8571,5672,8605,8605,8582
13,8603,5655,5647,8598,8633,8544,8585,8605,8596,8535,8571,5672,8605,8605,8583
14,8603,5655,5654,8598,8633,8544,8585,8602,8597,8536,8571,5676,8605,8605,8582
14,8603,5653,5647,8598,8633,8544,8585,8604,8600,8537,8570,5674,8605,8606,8583
13,8603,5655,5645,8597,8633,8544,8585,8604,8598,8536,8572,5674,8605,8605,8583
14,8603,5649,5648,8598,8633,8544,8585,8603,8599,8535,8571,5673,8605,8605,8582
13,8603,5653,5647,8598,8634,8544,8586,8605,8600,8535,8571,5677,8605,8606,8583
13,8603,5655,5647,8598,8634,8544,8586,8604,8599,8535,8571,5676,8605,8605,8581
13,8602,5651,5648,8598,8633,8545,8585,8603,8600,8535,8570,5675,8605,8606,8583
14,8602,5654,5649,8597,8634,8544,8586,8603,8600,8536,8570,5675,8604,8605,8582
14,8602,5653,5644,8597,8633,8544,8586,8603,8598,8535,8571,5675,8605,8605,8582
14,8602,5656,5649,8598,8633,8544,8585,8606,8598,8536,8571,5673,8605,8605,8582
13,8602,5652,5649,8598,8634,8544,8585,8604,8600,8536,8571,5671,8604,8605,8580
14,8601,5654,5643,8588,8633,8534,8586,8596,8586,8533,8569,5673,8602,8601,8571
13,8577,5645,5634,8582,8632,8517,8574,8595,8585,8533,8570,5671,8603,8603,8570
13,8576,5643,5634,8582,8632,8516,8573,8595,8584,8531,8570,5669,8603,8604,8569
13,8576,5649,5636,8582,8633,8516,8574,8593,8585,8533,8569,5673,8603,8605,8570
14,8576,5648,5637,8583,8633,8517,8574,8594,8583,8532,8574,5671,8604,8604,8570
13,8575,5653,5640,8582,8632,8516,8574,8593,8585,8534,8572,5670,8604,8605,8570
14,8575,5648,5642,8582,8633,8516,8574,8593,8586,8532,8569,5673,8603,8604,8570
13,8575,5652,5645,8582,8633,8516,8573,8593,8584,8533,8570,5676,8603,8604,8570
14,8576,5653,5648,8583,8632,8516,8574,8596,8585,8534,8570,5672,8604,8605,8570
13,8576,5655,5650,8582,8633,8517,8573,8592,8586,8534,8572,5674,8604,8605,8569
14,8576,5653,5648,8582,8633,8516,8574,8594,8586,8532,8571,5675,8604,8606,8570
14,8576,5653,5648,8583,8633,8516,8574,8595,8587,8534,8570,5672,8603,8604,8570
13,8576,5652,5649,8583,8633,8517,8574,8595,8585,8533,8571,5673,8603,8605,8570
13,8576,5651,5648,8583,8633,8516,8574,8596,8587,8535,8571,5677,8604,8606,8569
13,8576,5652,5647,8583,8633,8517,8574,8595,8586,8532,8571,5673,8605,8605,8570
13,8575,5653,5649,8583,8633,8516,8574,8594,8583,8534,8572,5673,8605,8605,8571
14,8576,5652,5646,8583,8633,8516,8574,8594,8586,8535,8570,5675,8604,8604,8569
14,8576,5651,5649,8582,8633,8516,8573,8596,8586,8534,8570,5675,8605,8604,8570
13,8575,5652,5646,8583,8633,8517,8573,8595,8585,8534,8571,5673,8604,8604,8569
13,8576,5652,5648,8583,8634,8517,8574,8595,8586,8533,8572,5674,8604,8606,8569
14,8576,5651,5647,8582,8633,8516,8574,8594,8587,8533,8571,5676,8605,8605,8570
14,8575,5654,5648,8582,8633,8516,8574,8594,8587,8534,8572,5672,8604,8605,8570
14,8575,5651,5650,8583,8633,8517,8574,8594,8586,8533,8569,5677,8605,8606,8570
13,8575,5651,5648,8582,8633,8516,8574,8595,8586,8533,8570,5671,8605,8606,8570
13,8576,5655,5649,8582,8634,8516,8574,8594,8586,8533,8569,5672,8604,8605,8570
13,8575,5654,5649,8583,8633,8516,8573,8595,8585,8533,8570,5671,8604,8606,8570
14,8575,5651,5649,8582,8633,8517,8574,8593,8583,8535,8572,5674,8604,8605,8570
14,8576,5651,5646,8582,8633,8517,8574,8595,8586,8536,8573,5676,8604,8605,8570
14,8575,5650,5646,8583,8633,8516,8573,8590,8586,8533,8571,5673,8604,8605,8569
14,8575,5655,5649,8582,8633,8516,8574,8593,8586,8533,8571,5673,8604,8606,8570
14,8575,5651,5649,8582,8634,8516,8574,8593,8587,8534,8570,5671,8604,8605,8570
13,8576,5653,5649,8583,8634,8517,8574,8593,8587,8533,8572,5673,8603,8605,8570
13,8575,5651,5649,8583,8634,8517,8574,8594,8587,8535,8573,5671,8605,8605,8569
13,8576,5652,5648,8582,8634,8517,8574,8594,8584,8533,8571,5676,8604,8604,8569
13,8575,5652,5647,8582,8633,8516,8574,8593,8587,8535,8570,5669,8604,8605,8569
14,8575,5653,5649,8582,8633,8516,8574,8594,8588,8534,8571,5674,8604,8605,8570
