13,8394,5594,5591,8402,8452,8337,8394,8411,8411,8357,8391,5616,8426,8426,8392
14,8394,5596,5591,8402,8453,8336,8394,8411,8410,8356,8391,5617,8424,8427,8392
14,8394,5601,5591,8402,8453,8337,8394,8412,8409,8355,8391,5617,8424,8425,8391
14,8394,5596,5591,8401,8452,8336,8393,8411,8411,8355,8391,5612,8424,8426,8391
13,8395,5597,5595,8402,8453,8336,8393,8410,8410,8356,8392,5612,8425,8426,8391
13,8394,5599,5587,8402,8452,8336,8393,8410,8411,8357,8390,5617,8425,8427,8391
13,8394,5597,5589,8402,8452,8336,8393,8411,8409,8356,8392,5619,8424,8426,8392
13,8394,5598,5588,8402,8452,8336,8394,8410,8410,8355,8391,5620,8424,8427,8391
14,8394,5600,5592,8401,8452,8336,8393,8412,8410,8355,8390,5617,8423,8425,8390
14,8394,5596,5587,8401,8452,8336,8393,8410,8410,8356,8392,5623,8424,8426,8390
13,8394,5598,5590,8402,8452,8336,8393,8412,8411,8356,8391,5612,8425,8426,8391
14,8394,5598,5590,8401,8451,8336,8393,8411,8408,8355,8391,5614,8423,8426,8389
13,8394,5596,5589,8401,8452,8336,8393,8412,8410,8356,8389,5614,8424,8425,8390
13,8393,5594,5589,8401,8452,8336,8392,8409,8410,8353,8390,5611,8423,8425,8391
13,8393,5596,5590,8400,8451,8335,8392,8410,8410,8355,8390,5613,8422,8425,8390
13,8393,5595,5588,8400,8451,8335,8392,8410,8409,8355,8391,5611,8423,8426,8390
13,8392,5594,5589,8400,8451,8334,8392,8411,8409,8354,8389,5609,8423,8425,8389
13,8391,5594,5590,8399,8450,8334,8391,8408,8408,8355,8390,5611,8421,8424,8388
13,8391,5596,5587,8399,8450,8334,8391,8407,8407,8352,8388,5618,8422,8424,8388
13,8393,5600,5591,8401,8452,8336,8393,8411,8408,8356,8392,5615,8424,8427,8392
13,8394,5598,5594,8401,8452,8337,8393,8412,8407,8357,8393,5612,8425,8427,8392
13,8395,5603,5603,8402,8452,8337,8394,8411,8410,8357,8393,5621,8425,8427,8391
13,8395,5600,5597,8402,8452,8336,8394,8411,8409,8356,8392,5618,8426,8427,8392
13,8394,5602,5603,8402,8453,8337,8394,8414,8410,8356,8392,5611,8425,8426,8392
14,8395,5602,5609,8402,8453,8337,8394,8414,8412,8358,8392,5618,8425,8427,8392
14,8406,5601,5602,8412,8457,8349,8407,8438,8428,8371,8397,5613,8438,8455,8418
14,8360,5593,5585,8363,8412,8292,8349,8371,8390,8365,8362,5606,8432,8404,8365
13,8388,5597,5595,8395,8450,8332,8391,8412,8426,8398,8389,5613,8454,8432,8396
13,8404,5602,5598,8412,8468,8351,8410,8430,8444,8415,8409,5623,8464,8444,8409
13,8392,5599,5593,8403,8457,8340,8398,8416,8431,8401,8395,5610,8449,8431,8400
13,8390,5592,5590,8391,8445,8327,8384,8403,8418,8389,8381,5616,8433,8417,8386
13,8378,5592,5590,8387,8442,8324,8382,8402,8415,8385,8380,5610,8428,8414,8384
13,8378,5593,5587,8382,8436,8318,8377,8395,8408,8381,8378,5608,8428,8419,8391
13,8389,5595,5589,8393,8448,8332,8391,8411,8426,8395,8389,5613,8436,8425,8396
13,8388,5592,5589,8392,8447,8329,8387,8406,8421,8390,8387,5613,8428,8418,8391
13,8384,5593,5587,8389,8444,8326,8383,8402,8415,8386,8382,5607,8423,8415,8385
13,8379,5592,5586,8383,8437,8318,8377,8397,8408,8380,8373,5599,8415,8411,8381
14,8377,5592,5587,8383,8438,8319,8377,8397,8408,8379,8374,5608,8413,8407,8378
14,8372,5590,5586,8377,8431,8313,8372,8391,8403,8373,8368,5613,8412,8407,8377
14,8374,5592,5584,8381,8435,8317,8376,8396,8408,8378,8375,5609,8415,8412,8382
14,8379,5592,5587,8384,8439,8320,8379,8397,8410,8381,8375,5615,8416,8412,8383
13,8378,5591,5589,8383,8438,8319,8378,8398,8410,8376,8376,5612,8414,8411,8383
13,8376,5590,5586,8381,8436,8317,8376,8394,8410,8379,8377,5614,8413,8412,8384
13,8379,5593,5585,8383,8438,8320,8378,8395,8410,8379,8376,5606,8414,8412,8383
13,8377,5592,5587,8381,8436,8318,8377,8397,8408,8379,8376,5611,8411,8409,8382
13,8375,5590,5586,8380,8435,8316,8375,8394,8407,8376,8374,5607,8410,8409,8381
14,8377,5595,5587,8382,8436,8318,8377,8397,8410,8376,8378,5601,8412,8410,8382
13,8376,5592,5589,8382,8436,8318,8377,8397,8406,8375,8376,5610,8411,8411,8383
13,8377,5591,5588,8381,8437,8318,8376,8396,8408,8375,8376,5608,8411,8412,8384
13,8380,5593,5587,8386,8440,8323,8381,8400,8412,8378,8381,5605,8413,8413,8384
13,8378,5592,5580,8387,8435,8319,8373,8395,8397,8343,8366,5604,8377,8394,8382
13,8384,5584,5578,8383,8434,8319,8384,8397,8392,8338,8377,5603,8386,8406,8387
13,8392,5586,5576,8399,8452,8337,8395,8414,8411,8352,8394,5610,8406,8423,8395
13,8407,5596,5584,8415,8466,8350,8407,8426,8420,8363,8405,5620,8418,8437,8406
13,8410,5595,5588,8418,8470,8354,8412,8429,8425,8366,8409,5613,8424,8441,8409
13,8415,5597,5590,8423,8475,8358,8416,8434,8430,8370,8415,5620,8432,8448,8414
14,8418,5600,5589,8425,8476,8359,8417,8436,8431,8371,8417,5622,8436,8451,8417
13,8421,5603,5592,8429,8480,8364,8421,8439,8435,8377,8419,5620,8439,8454,8420
13,8423,5608,5600,8430,8481,8365,8423,8443,8434,8374,8419,5623,8443,8456,8420
13,8423,5606,5600,8430,8481,8365,8422,8442,8435,8377,8422,5620,8444,8454,8420
12,8423,5609,5600,8431,8482,8365,8423,8441,8434,8379,8423,5618,8447,8456,8421
13,8423,5608,5601,8431,8482,8365,8424,8442,8437,8379,8421,5627,8446,8456,8420
13,8424,5607,5598,8431,8483,8366,8424,8441,8436,8378,8420,5626,8449,8456,8422
14,8424,5608,5601,8432,8483,8366,8424,8443,8437,8378,8422,5623,8450,8456,8421
13,8423,5609,5600,8432,8483,8366,8424,8445,8438,8378,8421,5620,8449,8456,8421
13,8424,5605,5601,8432,8483,8366,8424,8439,8436,8379,8423,5616,8451,8457,8422
13,8425,5609,5600,8432,8483,8366,8424,8440,8437,8382,8420,5627,8451,8457,8422
13,8424,5611,5601,8432,8483,8367,8423,8441,8438,8382,8421,5626,8452,8456,8421
13,8425,5610,5601,8432,8483,8367,8424,8440,8437,8381,8422,5628,8452,8457,8422
14,8425,5611,5599,8433,8484,8366,8425,8445,8438,8380,8424,5620,8453,8457,8421
13,8425,5610,5601,8432,8483,8367,8425,8441,8438,8377,8425,5615,8454,8457,8422
13,8425,5607,5599,8432,8484,8367,8425,8442,8438,8381,8423,5626,8452,8457,8422
13,8425,5607,5601,8432,8484,8367,8425,8439,8439,8382,8422,5628,8454,8457,8422
13,8425,5612,5600,8433,8484,8367,8425,8440,8440,8380,8424,5617,8455,8458,8423
14,8425,5607,5604,8434,8484,8368,8425,8445,8438,8380,8422,5624,8454,8457,8423
13,8426,5610,5601,8432,8484,8367,8425,8442,8438,8382,8424,5624,8455,8457,8422
13,8425,5606,5601,8433,8484,8367,8425,8442,8438,8382,8424,5626,8455,8457,8422
13,8425,5607,5601,8433,8484,8368,8425,8442,8440,8383,8423,5626,8455,8458,8422
13,8426,5610,5601,8433,8485,8368,8425,8447,8439,8381,8426,5625,8455,8458,8423
13,8427,5608,5601,8433,8485,8368,8426,8443,8440,8384,8425,5628,8456,8458,8423
13,8425,5609,5601,8434,8485,8368,8425,8447,8439,8381,8425,5624,8456,8457,8423
13,8427,5611,5602,8434,8485,8368,8426,8443,8440,8382,8423,5624,8456,8458,8423
13,8427,5606,5602,8434,8486,8369,8427,8441,8441,8385,8422,5629,8455,8456,8415
13,8411,5603,5598,8420,8472,8355,8414,8431,8428,8370,8412,5623,8423,8429,8398
13,8393,5598,5591,8410,8462,8347,8399,8414,8415,8363,8406,5619,8441,8444,8411
14,8399,5601,5595,8414,8466,8347,8405,8423,8432,8387,8435,5624,8449,8445,8421
13,8419,5608,5601,8433,8482,8359,8416,8424,8418,8360,8384,5612,8427,8426,8391
13,8366,5587,5584,8387,8439,8322,8373,8377,8369,8309,8348,5597,8367,8387,8338
13,8376,5587,5584,8374,8404,8271,8356,8379,8381,8333,8375,5600,8407,8410,8378
13,8405,5602,5595,8411,8461,8339,8413,8437,8435,8375,8414,5620,8448,8449,8414
13,8395,5598,5590,8403,8455,8339,8396,8415,8415,8367,8414,5624,8450,8452,8418
13,8410,5604,5597,8417,8468,8351,8408,8427,8421,8363,8401,5614,8431,8430,8396
14,8415,5606,5603,8427,8480,8363,8421,8437,8437,8382,8422,5627,8454,8455,8417
13,8406,5604,5595,8417,8469,8353,8411,8429,8426,8371,8411,5620,8443,8445,8412
13,8424,5606,5601,8432,8484,8368,8426,8442,8444,8383,8427,5623,8458,8460,8426
14,8426,5610,5599,8435,8486,8370,8426,8444,8442,8383,8425,5620,8458,8461,8425
14,8432,5612,5601,8440,8491,8374,8432,8449,8446,8390,8428,5620,8460,8460,8425
13,8424,5608,5604,8432,8484,8367,8425,8441,8438,8383,8422,5620,8451,8452,8417
14,8421,5605,5599,8429,8480,8364,8422,8439,8437,8381,8420,5624,8454,8455,8419
13,8420,5606,5599,8426,8477,8360,8419,8436,8433,8377,8418,5623,8450,8452,8417
13,8423,5606,5599,8432,8483,8367,8424,8441,8437,8382,8425,5618,8457,8457,8422
13,8423,5608,5602,8431,8482,8366,8423,8443,8438,8379,8421,5626,8451,8454,8419
13,8419,5608,5601,8426,8478,8361,8419,8438,8433,8378,8418,5629,8451,8453,8416
13,8421,5608,5599,8430,8480,8364,8421,8439,8437,8378,8421,5620,8452,8453,8418
13,8423,5608,5602,8431,8482,8365,8423,8438,8438,8380,8421,5620,8455,8456,8422
13,8426,5611,5601,8434,8486,8369,8427,8445,8443,8387,8427,5628,8459,8462,8427
13,8434,5608,5603,8442,8494,8377,8435,8453,8450,8394,8433,5632,8467,8469,8434
14,8439,5614,5604,8447,8499,8382,8439,8458,8453,8398,8438,5626,8472,8473,8438
13,8440,5616,5607,8448,8500,8383,8441,8459,8452,8399,8438,5632,8472,8472,8437
14,8440,5617,5604,8448,8499,8382,8440,8456,8454,8398,8438,5630,8471,8473,8436
14,8439,5614,5602,8447,8498,8381,8439,8459,8455,8397,8437,5620,8471,8471,8436
13,8438,5611,5607,8446,8497,8380,8437,8455,8452,8396,8434,5625,8469,8469,8433
14,8431,5615,5602,8437,8489,8372,8429,8443,8442,8386,8424,5623,8458,8459,8424
13,8422,5610,5608,8430,8481,8365,8422,8439,8437,8381,8421,5626,8452,8457,8420
13,8433,5614,5615,8442,8493,8377,8434,8453,8450,8394,8433,5626,8465,8467,8431
14,8431,5612,5610,8435,8487,8370,8428,8448,8444,8386,8429,5620,8460,8463,8426
14,8430,5615,5613,8438,8489,8372,8429,8444,8444,8388,8428,5627,8461,8463,8427
13,8432,5615,5614,8439,8491,8374,8429,8449,8446,8387,8426,5633,8460,8462,8426
13,8448,5616,5623,8451,8497,8386,8450,8470,8457,8399,8439,5631,8473,8479,8453
13,8446,5619,5618,8453,8501,8382,8442,8478,8481,8428,8443,5629,8509,8491,8459
13,8447,5620,5615,8458,8509,8390,8448,8483,8488,8433,8448,5636,8507,8490,8464
13,8452,5618,5618,8463,8514,8395,8454,8488,8492,8439,8454,5632,8511,8493,8469
13,8454,5620,5612,8464,8515,8395,8454,8488,8488,8437,8452,5630,8506,8489,8467
14,8455,5619,5615,8465,8515,8396,8455,8487,8493,8439,8455,5634,8505,8491,8470
14,8455,5615,5617,8465,8516,8396,8454,8489,8492,8439,8455,5628,8502,8491,8468
13,8455,5617,5615,8464,8515,8395,8454,8487,8490,8438,8453,5634,8500,8489,8469
14,8453,5620,5608,8464,8515,8394,8453,8487,8491,8438,8453,5632,8498,8488,8467
13,8454,5620,5611,8464,8515,8395,8454,8487,8490,8438,8454,5635,8496,8489,8469
13,8454,5619,5612,8464,8515,8395,8454,8487,8489,8439,8454,5629,8496,8487,8468
14,8454,5617,5615,8464,8515,8395,8455,8489,8490,8437,8453,5632,8496,8489,8469
14,8457,5620,5615,8466,8517,8398,8456,8490,8492,8439,8456,5638,8496,8492,8471
13,8459,5619,5618,8468,8520,8399,8459,8492,8493,8441,8459,5632,8498,8493,8473
13,8459,5618,5615,8469,8520,8400,8459,8491,8493,8442,8458,5635,8497,8493,8474
13,8460,5616,5610,8470,8520,8400,8459,8493,8495,8441,8459,5639,8496,8494,8474
13,8459,5618,5618,8469,8520,8401,8459,8493,8494,8441,8458,5635,8496,8494,8474
14,8460,5622,5612,8469,8521,8401,8460,8492,8493,8442,8460,5634,8496,8493,8473
13,8460,5618,5617,8469,8520,8400,8459,8492,8494,8439,8459,5634,8495,8492,8473
13,8459,5617,5615,8468,8519,8400,8459,8491,8490,8441,8457,5632,8494,8492,8472
13,8459,5617,5613,8468,8519,8399,8458,8490,8492,8442,8458,5635,8494,8493,8472
13,8458,5622,5615,8468,8518,8399,8457,8490,8493,8439,8456,5636,8493,8491,8472
13,8458,5616,5612,8468,8518,8399,8457,8490,8490,8439,8458,5633,8493,8491,8472
13,8458,5618,5618,8467,8518,8398,8457,8491,8490,8436,8456,5634,8491,8491,8472
13,8457,5620,5615,8467,8517,8397,8456,8489,8490,8437,8456,5631,8491,8490,8470
14,8461,5614,5614,8473,8515,8402,8460,8492,8482,8419,8454,5633,8462,8476,8465
13,8469,5610,5608,8474,8526,8409,8469,8488,8481,8420,8460,5636,8475,8494,8473
14,8476,5623,5608,8484,8536,8418,8476,8494,8489,8433,8476,5641,8485,8505,8474
13,8480,5617,5611,8487,8539,8422,8480,8498,8494,8436,8477,5637,8491,8509,8477
13,8481,5619,5615,8488,8539,8423,8480,8499,8493,8435,8478,5642,8494,8512,8478
13,8481,5623,5619,8489,8540,8423,8480,8498,8490,8436,8481,5636,8496,8512,8478
13,8481,5626,5620,8488,8540,8423,8480,8500,8491,8437,8480,5640,8499,8513,8478
14,8482,5627,5624,8489,8541,8424,8481,8498,8493,8438,8480,5640,8500,8513,8478
14,8482,5626,5624,8490,8541,8423,8481,8499,8494,8436,8481,5641,8502,8514,8479
14,8482,5629,5625,8489,8540,8424,8481,8500,8491,8437,8477,5636,8503,8513,8479
14,8482,5629,5622,8490,8540,8424,8481,8500,8492,8435,8478,5640,8505,8513,8479
14,8482,5632,5627,8489,8541,8424,8481,8498,8494,8437,8481,5641,8506,8514,8478
13,8483,5626,5621,8489,8541,8424,8481,8499,8495,8438,8481,5642,8507,8514,8477
14,8482,5632,5617,8490,8541,8424,8482,8499,8494,8437,8481,5641,8507,8515,8479
13,8482,5632,5619,8490,8541,8424,8482,8500,8495,8438,8478,5647,8508,8514,8478
14,8482,5627,5628,8489,8541,8424,8481,8500,8492,8436,8478,5638,8508,8513,8478
13,8482,5627,5621,8490,8541,8424,8481,8499,8494,8438,8480,5639,8508,8513,8478
13,8482,5633,5624,8489,8541,8424,8481,8499,8492,8437,8480,5637,8509,8513,8478
14,8482,5627,5626,8489,8541,8423,8481,8497,8495,8437,8480,5640,8509,8514,8479
14,8482,5630,5624,8489,8540,8423,8481,8500,8498,8438,8480,5642,8509,8514,8478
14,8482,5626,5621,8490,8541,8424,8481,8500,8494,8439,8479,5638,8511,8514,8478
13,8482,5630,5625,8489,8541,8423,8481,8500,8494,8438,8478,5641,8510,8514,8478
14,8482,5629,5624,8490,8541,8424,8481,8502,8492,8437,8481,5641,8511,8514,8478
13,8482,5626,5626,8489,8541,8424,8482,8501,8490,8438,8481,5639,8511,8515,8478
13,8482,5626,5626,8489,8541,8424,8481,8498,8494,8438,8478,5639,8511,8514,8478
13,8482,5629,5626,8489,8541,8424,8481,8501,8493,8437,8480,5643,8511,8513,8478
13,8482,5626,5622,8489,8541,8424,8481,8501,8494,8436,8479,5643,8512,8514,8479
13,8482,5627,5621,8490,8541,8424,8481,8499,8493,8438,8479,5643,8512,8514,8478
13,8482,5623,5628,8489,8541,8424,8481,8500,8492,8437,8480,5636,8512,8514,8478
13,8482,5626,5624,8490,8541,8424,8481,8499,8495,8439,8478,5646,8512,8514,8478
13,8483,5626,5627,8490,8540,8424,8482,8499,8495,8439,8479,5646,8512,8513,8478
13,8483,5633,5624,8490,8541,8424,8482,8502,8493,8438,8480,5638,8511,8514,8479
14,8475,5621,5621,8479,8528,8412,8471,8490,8487,8430,8467,5635,8501,8502,8466
13,8471,5626,5619,8483,8533,8418,8478,8491,8487,8429,8469,5638,8499,8501,8466
13,8459,5616,5612,8457,8509,8395,8451,8458,8455,8391,8431,5629,8454,8454,8411
14,8401,5604,5596,8391,8437,8319,8385,8372,8374,8331,8374,5604,8375,8368,8352
13,8399,5601,5597,8420,8467,8359,8391,8401,8400,8356,8403,5614,8415,8397,8389
13,8420,5594,5592,8415,8457,8347,8385,8414,8378,8320,8374,5620,8425,8457,8423
14,8418,5608,5599,8432,8488,8360,8419,8445,8424,8359,8394,5612,8430,8440,8399
13,8449,5618,5611,8458,8507,8386,8445,8461,8460,8407,8443,5629,8481,8487,8456
14,8453,5619,5612,8459,8510,8395,8454,8473,8467,8411,8450,5634,8477,8475,8434
13,8446,5614,5608,8450,8500,8387,8450,8471,8468,8416,8457,5629,8494,8496,8462
13,8478,5624,5618,8486,8536,8420,8476,8493,8489,8429,8469,5642,8502,8502,8467
13,8472,5621,5619,8480,8531,8414,8472,8491,8485,8431,8473,5648,8503,8504,8470
13,8475,5623,5620,8482,8533,8417,8474,8490,8487,8428,8468,5635,8501,8502,8467
14,8467,5620,5616,8475,8528,8411,8469,8489,8484,8428,8469,5639,8505,8505,8471
14,8479,5628,5626,8487,8539,8422,8480,8498,8494,8438,8481,5639,8512,8513,8478
14,8481,5629,5622,8487,8538,8422,8479,8498,8494,8439,8477,5640,8510,8512,8476
13,8484,5632,5621,8493,8544,8427,8485,8502,8499,8442,8483,5641,8517,8519,8483
13,8489,5633,5626,8498,8548,8432,8489,8507,8505,8444,8486,5641,8520,8522,8486
13,8491,5631,5626,8499,8551,8434,8492,8510,8505,8450,8490,5642,8523,8525,8490
13,8494,5632,5624,8502,8553,8436,8493,8513,8507,8450,8492,5644,8524,8524,8490
13,8493,5628,5627,8499,8551,8434,8491,8509,8506,8449,8489,5639,8521,8524,8487
13,8490,5630,5629,8496,8547,8430,8488,8507,8502,8446,8485,5647,8518,8521,8486
14,8489,5627,5622,8497,8547,8431,8489,8506,8501,8446,8486,5642,8519,8520,8485
13,8488,5635,5624,8495,8546,8429,8487,8508,8501,8444,8485,5643,8518,8519,8485
13,8487,5633,5629,8494,8546,8429,8487,8506,8500,8444,8485,5648,8518,8519,8484
14,8489,5627,5621,8497,8548,8431,8488,8506,8502,8447,8487,5640,8518,8521,8485
13,8491,5629,5627,8498,8550,8432,8489,8508,8503,8448,8488,5646,8521,8523,8487
14,8492,5632,5629,8499,8551,8434,8492,8509,8506,8450,8488,5642,8523,8525,8488
14,8492,5630,5627,8500,8551,8434,8491,8508,8506,8448,8487,5643,8523,8523,8488
13,8491,5627,5629,8499,8550,8433,8490,8506,8505,8449,8487,5650,8520,8511,8479
13,8485,5627,5622,8492,8544,8427,8484,8503,8498,8442,8484,5640,8515,8517,8481
13,8482,5632,5633,8491,8542,8424,8483,8502,8497,8443,8482,5641,8515,8516,8478
13,8484,5630,5629,8491,8542,8425,8479,8498,8495,8439,8478,5640,8512,8513,8477
14,8477,5632,5637,8485,8537,8421,8478,8496,8495,8439,8481,5642,8514,8516,8481
13,8472,5635,5627,8482,8535,8419,8477,8498,8492,8439,8478,5639,8509,8512,8477
14,8487,5636,5642,8496,8547,8430,8485,8506,8498,8443,8483,5639,8514,8517,8481
13,8475,5629,5642,8484,8535,8419,8480,8497,8493,8438,8478,5639,8512,8513,8482
13,8497,5632,5635,8492,8532,8418,8475,8513,8512,8445,8478,5639,8520,8533,8497
14,8491,5632,5629,8498,8543,8426,8484,8521,8523,8451,8481,5642,8524,8526,8497
14,8492,5634,5627,8497,8541,8425,8482,8520,8520,8455,8479,5643,8521,8520,8496
13,8493,5633,5628,8498,8543,8426,8483,8523,8521,8455,8482,5644,8524,8520,8500
13,8497,5630,5622,8503,8548,8432,8488,8526,8526,8460,8489,5640,8527,8524,8504
13,8501,5632,5626,8507,8551,8436,8492,8532,8529,8465,8491,5644,8530,8526,8507
13,8503,5633,5629,8509,8553,8437,8495,8533,8531,8467,8494,5640,8531,8528,8508
14,8505,5633,5627,8512,8557,8440,8497,8535,8535,8469,8497,5642,8533,8530,8511
14,8508,5633,5629,8515,8559,8443,8499,8538,8535,8470,8498,5653,8535,8532,8513
13,8509,5634,5625,8515,8559,8443,8500,8538,8535,8471,8496,5646,8535,8533,8514
13,8510,5635,5629,8516,8560,8443,8501,8538,8536,8468,8498,5653,8535,8534,8515
13,8510,5631,5629,8516,8560,8444,8501,8537,8541,8471,8498,5648,8535,8534,8515
14,8511,5633,5629,8517,8562,8445,8503,8540,8538,8473,8500,5647,8536,8535,8516
13,8511,5634,5629,8518,8563,8446,8503,8542,8539,8475,8503,5642,8537,8536,8517
14,8513,5635,5630,8519,8564,8447,8504,8542,8539,8476,8503,5644,8538,8536,8518
13,8514,5635,5630,8520,8564,8448,8505,8543,8539,8477,8502,5647,8537,8538,8518
14,8514,5637,5630,8521,8565,8449,8506,8543,8538,8477,8504,5648,8538,8538,8518
13,8515,5638,5628,8522,8566,8449,8507,8545,8541,8477,8504,5653,8539,8539,8520
13,8516,5635,5630,8522,8566,8450,8507,8545,8542,8478,8505,5653,8538,8540,8521
14,8517,5637,5632,8524,8568,8451,8508,8547,8543,8480,8507,5644,8541,8541,8522
14,8517,5635,5629,8524,8568,8452,8509,8546,8541,8478,8508,5651,8539,8541,8521
13,8518,5636,5632,8525,8569,8453,8509,8547,8544,8480,8509,5651,8541,8542,8522
13,8519,5635,5633,8525,8569,8454,8511,8548,8544,8481,8509,5650,8543,8543,8523
13,8520,5639,5627,8526,8570,8454,8512,8550,8545,8482,8508,5651,8542,8544,8522
14,8523,5637,5627,8527,8569,8458,8517,8542,8528,8471,8508,5651,8534,8529,8515
13,8499,5623,5618,8504,8553,8434,8483,8496,8489,8440,8482,5641,8510,8513,8488
13,8490,5625,5612,8499,8548,8432,8489,8508,8501,8448,8489,5646,8514,8518,8488
14,8493,5623,5614,8501,8550,8434,8491,8511,8502,8450,8490,5639,8516,8521,8489
13,8492,5621,5622,8500,8550,8434,8491,8510,8502,8448,8488,5645,8516,8522,8488
13,8492,5629,5622,8501,8551,8434,8492,8510,8504,8448,8490,5644,8518,8523,8489
13,8492,5630,5621,8500,8550,8434,8491,8508,8505,8450,8489,5642,8519,8523,8490
13,8493,5627,5625,8501,8551,8435,8492,8510,8503,8451,8489,5639,8519,8524,8489
14,8493,5633,5624,8501,8552,8435,8493,8512,8505,8450,8490,5651,8521,8524,8489
14,8493,5632,5624,8501,8552,8435,8492,8510,8501,8452,8490,5647,8520,8523,8489
13,8494,5629,5626,8501,8552,8435,8492,8510,8504,8451,8489,5642,8520,8524,8489
14,8493,5632,5623,8501,8552,8436,8493,8511,8503,8451,8491,5644,8521,8525,8490
14,8493,5635,5626,8501,8552,8436,8493,8512,8505,8449,8490,5642,8522,8525,8490
14,8493,5630,5629,8501,8552,8435,8493,8512,8505,8451,8490,5648,8522,8525,8489
13,8494,5635,5624,8501,8552,8435,8493,8510,8503,8451,8491,5642,8521,8525,8490
14,8494,5632,5628,8502,8552,8436,8493,8512,8505,8451,8491,5647,8522,8525,8490
14,8494,5635,5627,8502,8552,8436,8493,8513,8504,8453,8491,5645,8522,8525,8490
13,8494,5630,5624,8502,8553,8436,8493,8512,8504,8450,8491,5642,8522,8525,8490
13,8494,5632,5629,8502,8552,8436,8493,8513,8503,8451,8491,5652,8524,8525,8490
14,8494,5633,5629,8502,8553,8436,8494,8510,8504,8452,8493,5644,8523,8526,8490
13,8495,5635,5627,8503,8553,8436,8494,8512,8506,8452,8492,5642,8523,8525,8491
14,8495,5630,5629,8503,8552,8436,8493,8514,8506,8452,8491,5648,8524,8526,8490
13,8495,5633,5626,8502,8553,8436,8494,8513,8506,8452,8492,5648,8524,8526,8491
13,8494,5632,5629,8502,8553,8436,8494,8511,8506,8451,8492,5645,8524,8526,8490
13,8494,5631,5628,8502,8553,8436,8493,8511,8505,8453,8491,5644,8524,8526,8491
14,8494,5633,5631,8503,8553,8436,8494,8512,8506,8453,8492,5641,8524,8526,8491
14,8495,5633,5626,8502,8553,8436,8493,8512,8506,8452,8492,5646,8524,8526,8490
14,8494,5633,5629,8502,8553,8436,8494,8510,8505,8452,8492,5643,8524,8526,8490
13,8494,5633,5629,8503,8553,8436,8493,8511,8506,8453,8490,5642,8524,8526,8491
13,8494,5635,5629,8502,8554,8436,8494,8512,8506,8453,8492,5641,8524,8526,8491
13,8495,5635,5626,8502,8553,8436,8493,8513,8506,8452,8492,5644,8524,8526,8491
13,8495,5633,5629,8503,8553,8436,8494,8511,8506,8454,8492,5642,8520,8523,8490
13,8483,5625,5619,8486,8535,8422,8484,8506,8483,8426,8466,5634,8495,8494,8441
13,8457,5621,5609,8480,8531,8403,8468,8483,8481,8434,8470,5636,8506,8508,8489
13,8514,5636,5630,8525,8572,8463,8517,8543,8542,8495,8529,5661,8563,8566,8530
13,8526,5637,5630,8513,8563,8446,8505,8519,8517,8450,8492,5643,8522,8522,8494
13,8543,5642,5637,8558,8607,8490,8548,8564,8555,8503,8539,5658,8571,8573,8537
13,8563,5650,5642,8569,8618,8501,8557,8572,8566,8513,8553,5661,8583,8583,8540
12,8552,5647,5643,8561,8611,8490,8549,8568,8563,8508,8546,5663,8581,8582,8546
13,8556,5646,5639,8561,8613,8496,8555,8573,8568,8514,8554,5663,8587,8589,8552
13,8557,5648,5643,8565,8617,8500,8558,8577,8572,8516,8556,5668,8591,8591,8556
14,8561,5650,5642,8568,8619,8502,8560,8579,8572,8519,8559,5672,8591,8593,8556
13,8561,5647,5641,8569,8621,8503,8561,8580,8575,8521,8560,5670,8593,8594,8559
13,8564,5648,5646,8572,8623,8506,8564,8583,8575,8523,8562,5669,8595,8595,8560
13,8564,5651,5646,8572,8623,8505,8563,8581,8575,8523,8562,5670,8594,8596,8561
13,8565,5650,5646,8572,8624,8506,8564,8583,8579,8525,8562,5665,8595,8597,8562
13,8567,5653,5645,8575,8626,8508,8566,8585,8578,8523,8565,5672,8597,8598,8563
13,8566,5649,5647,8574,8625,8507,8566,8586,8580,8525,8564,5672,8597,8599,8563
13,8568,5649,5644,8576,8627,8509,8568,8585,8581,8526,8565,5673,8599,8600,8566
13,8569,5649,5644,8577,8627,8510,8568,8588,8581,8527,8567,5673,8599,8600,8566
13,8568,5650,5646,8576,8628,8510,8568,8585,8581,8528,8566,5669,8599,8600,8565
13,8570,5652,5648,8577,8628,8511,8569,8589,8583,8528,8568,5671,8600,8601,8566
13,8570,5650,5643,8578,8629,8511,8569,8589,8584,8528,8569,5675,8600,8601,8566
14,8570,5650,5647,8578,8629,8511,8569,8586,8584,8529,8567,5672,8601,8602,8567
14,8571,5652,5650,8579,8630,8512,8570,8587,8584,8529,8568,5667,8602,8603,8567
13,8572,5654,5648,8579,8630,8512,8570,8590,8583,8528,8568,5672,8601,8604,8567
12,8572,5652,5648,8580,8630,8513,8571,8589,8584,8530,8569,5674,8602,8604,8568
14,8572,5654,5646,8579,8631,8513,8571,8590,8584,8530,8569,5667,8602,8604,8567
13,8572,5650,5646,8579,8631,8513,8571,8588,8585,8530,8568,5671,8602,8603,8568
13,8571,5650,5647,8579,8631,8512,8570,8591,8585,8530,8570,5671,8602,8603,8568
14,8572,5650,5646,8579,8631,8513,8571,8589,8586,8531,8568,5663,8602,8603,8568
13,8572,5651,5648,8580,8631,8513,8571,8592,8584,8530,8569,5667,8603,8603,8566
14,8570,5651,5643,8578,8630,8512,8570,8587,8585,8530,8568,5669,8601,8601,8566
13,8571,5651,5651,8579,8630,8512,8570,8588,8583,8530,8568,5673,8601,8603,8567
13,8571,5655,5652,8579,8630,8512,8570,8590,8584,8529,8569,5672,8601,8603,8566
13,8571,5656,5654,8579,8631,8512,8570,8590,8584,8530,8567,5674,8601,8602,8567
14,8570,5657,5659,8578,8629,8511,8569,8589,8585,8530,8568,5673,8599,8602,8566
14,8569,5657,5655,8576,8629,8510,8568,8585,8581,8528,8566,5673,8600,8600,8565
13,8568,5657,5660,8576,8626,8509,8567,8586,8581,8527,8566,5670,8599,8600,8565
13,8598,5658,5660,8587,8629,8536,8582,8598,8592,8530,8568,5672,8601,8603,8575
14,8597,5654,5652,8592,8629,8537,8582,8598,8597,8528,8567,5672,8601,8604,8578
13,8598,5653,5644,8593,8630,8538,8582,8599,8600,8531,8567,5673,8602,8604,8579
14,8599,5650,5649,8594,8630,8539,8583,8601,8598,8534,8570,5669,8603,8605,8580
13,8600,5653,5648,8594,8631,8540,8584,8599,8600,8533,8570,5670,8603,8604,8581
13,8600,5653,5643,8595,8631,8540,8584,8601,8600,8533,8571,5671,8604,8604,8581
14,8600,5652,5647,8595,8631,8540,8583,8602,8597,8533,8570,5672,8603,8605,8580
14,8600,5654,5648,8595,8632,8540,8585,8603,8599,8534,8570,5673,8605,8604,8582
14,8600,5652,5646,8595,8632,8541,8585,8602,8598,8535,8570,5668,8604,8605,8581
14,8600,5656,5649,8596,8632,8542,8585,8602,8600,8535,8571,5672,8605,8606,8581
14,8601,5651,5649,8596,8633,8541,8586,8601,8599,8535,8570,5676,8605,8606,8582
13,8601,5655,5646,8597,8633,8542,8586,8602,8599,8535,8572,5669,8605,8607,8583
14,8601,5651,5648,8597,8633,8543,8586,8604,8599,8536,8572,5671,8606,8606,8583
13,8602,5653,5650,8597,8634,8542,8586,8603,8599,8536,8572,5670,8606,8607,8583
14,8602,5653,5647,8597,8634,8542,8587,8603,8601,8535,8573,5672,8605,8607,8583
13,8602,5653,5652,8598,8634,8543,8587,8604,8600,8536,8573,5673,8607,8608,8584
13,8602,5651,5650,8598,8634,8543,8587,8603,8602,8537,8573,5676,8606,8608,8584
13,8602,5655,5648,8598,8634,8543,8587,8602,8600,8537,8574,5670,8606,8607,8583
14,8601,5655,5648,8598,8634,8543,8587,8603,8600,8537,8573,5674,8606,8607,8583
13,8601,5653,5651,8598,8634,8543,8587,8604,8601,8537,8571,5669,8606,8608,8584
14,8601,5653,5647,8598,8635,8542,8587,8603,8601,8535,8574,5674,8606,8607,8584
13,8602,5654,5648,8598,8634,8543,8587,8606,8599,8537,8573,5674,8607,8607,8584
14,8602,5652,5651,8599,8635,8543,8587,8605,8602,8537,8573,5671,8607,8608,8585
13,8602,5655,5649,8598,8635,8542,8587,8602,8601,8537,8573,5668,8607,8608,8584
13,8602,5655,5646,8593,8634,8540,8589,8598,8590,8536,8575,5667,8607,8605,8575
13,8576,5644,5639,8583,8634,8517,8576,8594,8586,8536,8573,5673,8606,8606,8573
13,8576,5645,5637,8584,8634,8517,8575,8593,8588,8534,8574,5667,8606,8605,8572
13,8575,5650,5636,8584,8635,8517,8575,8595,8588,8536,8574,5673,8606,8607,8572
13,8575,5648,5641,8584,8635,8516,8575,8593,8587,8535,8574,5671,8606,8608,8572
13,8575,5647,5643,8583,8635,8516,8575,8594,8588,8535,8573,5672,8606,8607,8573
13,8574,5650,5642,8583,8634,8516,8575,8594,8588,8537,8574,5666,8606,8607,8573
14,8574,5652,5643,8584,8635,8516,8575,8594,8589,8534,8574,5670,8607,8608,8572
13,8574,5655,5648,8583,8634,8516,8575,8596,8587,8537,8574,5674,8606,8608,8572
14,8574,5651,5648,8583,8635,8516,8575,8594,8587,8535,8573,5674,8607,8608,8573
14,8575,5654,5648,8584,8635,8517,8575,8595,8589,8536,8574,5674,8606,8608,8572
13,8575,5653,5650,8583,8634,8516,8576,8596,8587,8537,8573,5674,8606,8607,8572
14,8575,5654,5648,8584,8635,8517,8575,8594,8586,8536,8573,5670,8607,8608,8572
14,8574,5656,5651,8584,8635,8516,8575,8595,8589,8536,8573,5673,8607,8607,8572
14,8575,5652,5648,8583,8635,8516,8575,8594,8588,8536,8573,5674,8606,8608,8571
13,8574,5655,5649,8583,8635,8516,8575,8594,8587,8536,8573,5671,8607,8607,8572
13,8575,5653,5649,8583,8635,8516,8575,8594,8586,8537,8574,5670,8606,8608,8572
13,8574,5653,5650,8583,8635,8516,8575,8595,8588,8535,8573,5672,8606,8608,8572
14,8574,5653,5648,8583,8635,8516,8575,8594,8588,8535,8574,5667,8607,8608,8573
14,8574,5655,5650,8584,8634,8517,8575,8594,8586,8538,8573,5676,8605,8608,8571
13,8574,5653,5649,8583,8635,8516,8575,8593,8588,8537,8573,5671,8605,8607,8572
13,8574,5657,5648,8583,8635,8516,8575,8593,8587,8535,8573,5670,8606,8608,8572
13,8574,5653,5647,8583,8634,8516,8575,8594,8587,8535,8573,5673,8606,8607,8572
13,8574,5654,5652,8583,8634,8516,8575,8593,8588,8536,8574,5673,8606,8607,8572
13,8573,5653,5647,8583,8635,8516,8575,8593,8587,8535,8574,5670,8607,8607,8571
14,8573,5651,5649,8583,8634,8516,8575,8594,8586,8536,8572,5670,8606,8608,8571
14,8574,5654,5649,8583,8634,8516,8574,8594,8588,8537,8573,5673,8607,8608,8572
13,8574,5655,5648,8583,8635,8516,8575,8595,8589,8536,8574,5675,8606,8607,8572
14,8574,5653,5646,8583,8634,8516,8575,8593,8588,8535,8574,5673,8606,8607,8572
13,8574,5653,5647,8583,8635,8516,8574,8594,8589,8536,8573,5671,8606,8608,8572
14,8574,5657,5651,8583,8635,8516,8575,8595,8588,8536,8574,5676,8606,8608,8572
14,8573,5654,5649,8583,8634,8516,8575,8593,8586,8535,8573,5667,8607,8607,8572
14,8574,5655,5648,8583,8635,8516,8574,8594,8588,8536,8573,5673,8606,8608,8571
13,8573,5654,5649,8583,8635,8516,8575,8593,8586,8535,8572,5669,8606,8607,8571
14,8573,5656,5646,8583,8635,8516,8574,8594,8588,8535,8575,5677,8606,8607,8572
14,8573,5653,5648,8581,8632,8514,8572,8591,8585,8531,8568,5673,8601,8601,8565
13,8560,5646,5641,8563,8614,8496,8556,8574,8568,8518,8555,5668,8587,8589,8551
13,8538,5643,5635,8551,8603,8482,8530,8534,8543,8497,8539,5661,8587,8591,8555
14,8562,5650,5646,8570,8619,8501,8558,8577,8566,8515,8546,5662,8559,8562,8524
14,8518,5637,5634,8514,8571,8445,8503,8520,8515,8456,8478,5635,8489,8499,8460
13,8475,5629,5622,8488,8548,8418,8482,8506,8490,8440,8469,5638,8505,8484,8445
13,8427,5607,5599,8423,8466,8358,8407,8430,8436,8396,8428,5627,8465,8470,8435
14,8411,5602,5600,8405,8473,8354,8413,8430,8439,8393,8432,5620,8452,8454,8417
14,8410,5607,5601,8433,8486,8360,8423,8449,8442,8396,8443,5635,8479,8486,8459
13,8426,5605,5599,8435,8488,8371,8427,8438,8429,8377,8430,5631,8463,8458,8425
13,8419,5610,5602,8432,8483,8370,8428,8451,8444,8393,8430,5632,8469,8463,8415
13,8386,5599,5587,8400,8427,8297,8361,8394,8387,8335,8370,5600,8393,8399,8370
14,8397,5599,5594,8406,8449,8305,8348,8417,8429,8377,8415,5619,8457,8439,8415
13,8361,5587,5575,8369,8420,8289,8331,8340,8333,8294,8334,5596,8359,8370,8339
14,8368,5596,5590,8393,8436,8290,8362,8376,8378,8322,8367,5612,8409,8413,8358
13,8360,5588,5582,8354,8394,8269,8332,8361,8353,8309,8348,5600,8385,8393,8354
13,8347,5580,5576,8366,8429,8311,8341,8340,8312,8260,8308,5589,8363,8372,8338
13,8342,5583,5579,8380,8435,8317,8361,8385,8381,8328,8347,5593,8343,8368,8338
13,8259,5545,5545,8324,8376,8260,8317,8330,8327,8276,8316,5587,8350,8350,8314
14,8357,5581,5577,8365,8415,8303,8363,8379,8370,8311,8329,5592,8374,8382,8349
13,8351,5583,5570,8349,8399,8283,8343,8356,8355,8306,8342,5598,8377,8380,8348
13,8359,5583,5577,8366,8415,8299,8358,8366,8361,8302,8334,5597,8385,8384,8355
13,8336,5572,5576,8356,8406,8291,8350,8367,8367,8319,8357,5604,8391,8394,8357
13,8366,5589,5579,8373,8421,8303,8360,8378,8375,8323,8360,5605,8392,8396,8362
