13,8459,5618,5615,8466,8518,8400,8458,8479,8475,8422,8457,5636,8490,8491,8457
14,8459,5617,5611,8466,8518,8400,8458,8477,8476,8419,8456,5634,8488,8490,8457
13,8460,5620,5619,8467,8519,8400,8458,8477,8475,8423,8458,5636,8489,8491,8456
13,8459,5620,5612,8466,8518,8401,8458,8477,8476,8421,8456,5636,8489,8492,8456
13,8459,5617,5617,8466,8517,8401,8458,8478,8477,8420,8456,5633,8489,8492,8456
13,8459,5621,5611,8466,8518,8400,8458,8476,8477,8422,8456,5634,8490,8492,8456
13,8459,5620,5611,8466,8517,8400,8457,8477,8476,8420,8456,5634,8489,8490,8456
13,8459,5620,5618,8466,8518,8400,8457,8476,8476,8422,8455,5635,8490,8490,8456
13,8459,5615,5615,8466,8518,8400,8458,8477,8475,8422,8456,5636,8489,8491,8456
13,8459,5620,5613,8466,8517,8400,8458,8476,8476,8420,8456,5636,8489,8490,8455
14,8459,5615,5614,8465,8517,8399,8457,8474,8476,8421,8455,5632,8489,8489,8455
13,8458,5615,5615,8465,8517,8399,8456,8476,8475,8422,8454,5633,8487,8490,8455
13,8457,5620,5617,8465,8516,8399,8457,8475,8474,8420,8455,5634,8489,8490,8456
14,8458,5621,5617,8466,8517,8400,8457,8476,8474,8421,8456,5631,8489,8489,8456
14,8459,5624,5620,8466,8517,8399,8457,8476,8474,8422,8456,5634,8490,8490,8456
14,8460,5620,5623,8466,8518,8400,8458,8476,8476,8421,8457,5632,8489,8490,8457
13,8459,5625,5626,8466,8518,8400,8458,8476,8475,8421,8455,5635,8488,8490,8455
14,8436,5613,5613,8433,8474,8360,8411,8446,8457,8408,8416,5618,8457,8461,8423
14,8422,5611,5610,8431,8486,8367,8427,8446,8464,8437,8429,5626,8495,8473,8436
13,8429,5613,5607,8436,8491,8372,8432,8451,8465,8439,8431,5626,8491,8471,8436
13,8440,5616,5610,8445,8501,8381,8439,8459,8474,8446,8437,5631,8494,8474,8441
13,8438,5617,5609,8443,8499,8380,8438,8458,8472,8448,8442,5626,8496,8479,8450
14,8451,5615,5609,8456,8511,8391,8450,8470,8487,8457,8450,5633,8501,8485,8456
14,8450,5613,5615,8454,8509,8390,8448,8470,8485,8456,8448,5630,8497,8484,8455
14,8451,5620,5614,8455,8511,8391,8449,8470,8484,8456,8451,5634,8496,8484,8455
14,8451,5619,5609,8455,8510,8390,8449,8469,8485,8454,8447,5630,8493,8483,8455
13,8449,5618,5612,8453,8509,8389,8448,8469,8484,8454,8449,5629,8491,8482,8454
13,8449,5615,5613,8453,8509,8389,8448,8468,8483,8454,8449,5632,8490,8483,8454
14,8451,5618,5608,8455,8510,8391,8450,8470,8483,8454,8449,5629,8490,8484,8456
13,8451,5617,5614,8455,8510,8391,8450,8470,8482,8453,8451,5626,8491,8485,8457
14,8452,5618,5612,8457,8512,8392,8451,8473,8485,8454,8452,5632,8490,8486,8457
13,8452,5620,5611,8456,8512,8392,8451,8472,8484,8455,8452,5632,8489,8486,8459
13,8456,5618,5614,8460,8515,8396,8454,8475,8487,8456,8455,5635,8491,8489,8461
13,8456,5618,5615,8460,8516,8397,8455,8477,8488,8458,8457,5631,8492,8491,8461
14,8456,5616,5614,8463,8515,8396,8455,8486,8487,8440,8454,5632,8469,8481,8470
14,8460,5604,5597,8452,8499,8384,8448,8465,8462,8407,8448,5631,8455,8467,8448
13,8456,5605,5598,8465,8517,8400,8458,8477,8474,8417,8457,5632,8467,8485,8458
13,8462,5613,5601,8468,8520,8403,8460,8479,8477,8418,8459,5625,8472,8489,8459
14,8463,5614,5603,8469,8521,8403,8461,8480,8474,8417,8461,5631,8474,8492,8459
14,8463,5613,5608,8470,8520,8403,8460,8480,8475,8420,8460,5627,8477,8492,8459
13,8463,5617,5605,8469,8521,8403,8461,8479,8476,8419,8462,5631,8479,8492,8459
13,8462,5612,5610,8469,8520,8403,8460,8480,8477,8419,8461,5630,8481,8492,8458
13,8462,5618,5616,8469,8520,8403,8460,8478,8475,8421,8459,5637,8481,8494,8459
13,8463,5613,5605,8469,8520,8403,8461,8480,8477,8419,8459,5634,8484,8494,8459
13,8463,5626,5617,8469,8520,8403,8460,8480,8475,8417,8460,5631,8484,8494,8459
14,8462,5624,5615,8469,8520,8403,8460,8480,8475,8420,8459,5633,8485,8494,8460
13,8463,5615,5616,8469,8520,8403,8460,8479,8474,8418,8460,5632,8485,8494,8459
14,8463,5621,5609,8469,8521,8404,8461,8479,8475,8420,8459,5636,8488,8494,8459
13,8462,5618,5618,8469,8521,8404,8460,8481,8476,8420,8461,5634,8488,8494,8459
14,8463,5617,5616,8470,8521,8404,8460,8479,8476,8419,8459,5638,8489,8494,8460
13,8463,5619,5614,8470,8521,8404,8461,8480,8476,8417,8459,5634,8488,8495,8458
13,8463,5620,5616,8470,8521,8405,8461,8481,8477,8420,8460,5635,8490,8494,8460
13,8463,5619,5615,8470,8521,8404,8461,8482,8477,8421,8460,5633,8490,8494,8459
13,8463,5620,5613,8470,8521,8404,8461,8481,8478,8421,8460,5635,8491,8496,8459
13,8463,5616,5615,8471,8522,8405,8462,8482,8479,8421,8459,5639,8491,8494,8460
13,8464,5620,5621,8471,8522,8405,8462,8481,8479,8422,8461,5632,8492,8495,8459
13,8464,5617,5618,8471,8522,8405,8462,8481,8478,8421,8463,5637,8493,8496,8461
14,8465,5622,5618,8471,8522,8405,8462,8482,8479,8421,8462,5637,8493,8496,8460
13,8465,5619,5618,8472,8522,8405,8462,8480,8479,8422,8463,5632,8492,8495,8461
13,8464,5621,5617,8471,8522,8405,8462,8483,8479,8422,8461,5638,8492,8492,8457
14,8454,5618,5608,8461,8513,8396,8454,8474,8470,8413,8455,5635,8482,8485,8451
13,8447,5613,5611,8452,8501,8382,8436,8456,8446,8388,8429,5630,8462,8468,8436
14,8444,5615,5612,8463,8514,8397,8454,8469,8467,8418,8459,5625,8491,8497,8463
13,8449,5614,5608,8447,8495,8379,8432,8451,8449,8393,8422,5616,8428,8421,8383
13,8362,5581,5581,8359,8418,8310,8369,8385,8383,8325,8367,5603,8380,8381,8359
13,8402,5596,5592,8393,8442,8332,8400,8425,8423,8360,8409,5623,8444,8449,8414
13,8415,5605,5600,8423,8475,8359,8416,8434,8432,8370,8411,5616,8439,8441,8405
13,8410,5604,5595,8414,8466,8350,8408,8425,8425,8368,8407,5615,8436,8434,8398
13,8394,5595,5590,8401,8453,8338,8396,8417,8414,8357,8395,5610,8419,8414,8380
13,8399,5595,5587,8399,8452,8336,8393,8412,8410,8353,8394,5610,8428,8429,8395
13,8420,5608,5601,8427,8480,8366,8429,8453,8455,8399,8438,5631,8474,8475,8440
13,8446,5613,5610,8453,8504,8387,8444,8464,8458,8401,8438,5629,8472,8475,8439
13,8440,5611,5606,8447,8498,8382,8439,8458,8454,8396,8435,5626,8466,8468,8434
13,8442,5617,5605,8449,8501,8384,8441,8460,8458,8400,8442,5629,8471,8474,8438
13,8445,5618,5612,8455,8506,8390,8447,8466,8464,8408,8445,5628,8480,8480,8444
13,8450,5617,5614,8454,8504,8388,8445,8465,8463,8405,8443,5631,8477,8479,8445
13,8440,5613,5604,8445,8496,8377,8432,8449,8446,8391,8431,5630,8463,8467,8432
13,8433,5612,5604,8439,8490,8374,8430,8448,8445,8387,8425,5620,8457,8458,8424
13,8423,5606,5601,8430,8481,8365,8422,8439,8435,8382,8421,5621,8451,8452,8418
13,8418,5604,5601,8424,8476,8359,8417,8437,8431,8378,8416,5617,8447,8451,8415
14,8418,5608,5597,8424,8475,8358,8415,8434,8431,8375,8416,5614,8448,8451,8408
13,8421,5607,5601,8428,8476,8359,8416,8435,8432,8378,8415,5619,8449,8451,8415
14,8413,5600,5603,8420,8471,8355,8412,8431,8426,8373,8408,5615,8442,8443,8407
14,8392,5598,5598,8398,8448,8326,8379,8398,8394,8337,8371,5616,8407,8410,8375
14,8381,5595,5594,8384,8433,8316,8374,8392,8389,8332,8369,5601,8391,8390,8356
13,8354,5583,5582,8335,8371,8256,8310,8334,8326,8273,8314,5591,8347,8349,8315
13,8339,5582,5584,8352,8400,8282,8340,8358,8359,8300,8339,5597,8374,8378,8360
14,8374,5593,5594,8375,8422,8310,8372,8389,8380,8325,8360,5603,8397,8402,8378
13,8373,5591,5595,8377,8421,8308,8368,8403,8405,8351,8362,5611,8424,8406,8373
14,8391,5597,5597,8399,8449,8331,8389,8422,8425,8374,8385,5617,8452,8433,8406
13,8394,5596,5590,8402,8451,8332,8390,8424,8427,8377,8389,5617,8447,8428,8407
13,8401,5599,5595,8410,8460,8343,8400,8436,8437,8389,8402,5623,8458,8442,8422
13,8415,5604,5599,8423,8473,8355,8414,8447,8450,8398,8415,5618,8466,8451,8430
14,8418,5607,5598,8426,8476,8357,8416,8449,8454,8403,8417,5627,8465,8452,8433
14,8423,5612,5598,8432,8483,8364,8423,8455,8461,8411,8424,5621,8472,8459,8442
13,8431,5612,5604,8439,8490,8370,8428,8462,8468,8416,8428,5625,8475,8466,8446
14,8432,5613,5601,8440,8491,8372,8430,8465,8468,8414,8429,5626,8474,8464,8446
13,8436,5614,5605,8445,8495,8376,8435,8468,8471,8419,8438,5625,8477,8470,8450
14,8440,5615,5608,8449,8500,8381,8439,8473,8476,8426,8439,5630,8481,8474,8455
12,8445,5614,5610,8453,8503,8384,8443,8478,8479,8428,8442,5636,8483,8479,8460
14,8447,5616,5612,8456,8506,8387,8446,8478,8481,8432,8446,5632,8486,8480,8463
14,8453,5618,5613,8462,8512,8393,8451,8486,8485,8437,8451,5631,8490,8486,8466
13,8453,5615,5617,8460,8511,8391,8449,8482,8485,8434,8451,5632,8487,8484,8465
13,8453,5622,5609,8461,8511,8392,8451,8485,8486,8435,8451,5630,8488,8485,8465
14,8453,5617,5614,8461,8511,8392,8450,8487,8485,8432,8450,5636,8479,8483,8470
14,8466,5612,5601,8467,8509,8398,8462,8476,8466,8407,8445,5635,8444,8455,8437
13,8458,5612,5599,8473,8526,8409,8468,8488,8482,8427,8468,5631,8477,8494,8466
13,8469,5619,5601,8469,8521,8405,8462,8483,8478,8421,8461,5632,8474,8491,8462
14,8466,5609,5603,8473,8523,8407,8463,8484,8478,8424,8461,5632,8478,8494,8463
13,8467,5614,5603,8473,8524,8408,8464,8485,8478,8422,8461,5635,8481,8497,8464
13,8468,5619,5612,8475,8526,8409,8466,8485,8480,8423,8465,5639,8484,8499,8465
14,8469,5613,5615,8475,8526,8410,8467,8486,8481,8424,8465,5634,8487,8499,8466
13,8470,5626,5617,8475,8526,8410,8467,8485,8482,8425,8467,5636,8488,8499,8466
14,8470,5622,5616,8475,8527,8410,8467,8485,8483,8426,8467,5638,8490,8501,8465
13,8470,5621,5619,8476,8527,8411,8467,8487,8481,8426,8467,5636,8491,8501,8466
13,8471,5625,5621,8476,8527,8411,8467,8489,8481,8426,8467,5629,8492,8501,8465
14,8471,5620,5616,8476,8528,8411,8468,8488,8483,8425,8467,5633,8493,8501,8466
14,8470,5618,5613,8476,8527,8411,8468,8490,8483,8427,8466,5638,8495,8500,8467
13,8471,5620,5624,8476,8528,8411,8467,8487,8482,8424,8467,5638,8495,8501,8466
13,8472,5621,5616,8476,8528,8411,8468,8487,8482,8425,8466,5639,8495,8502,8466
13,8471,5620,5619,8476,8528,8411,8468,8487,8482,8426,8468,5637,8496,8501,8465
13,8471,5621,5616,8476,8527,8411,8468,8488,8482,8428,8466,5637,8496,8501,8466
14,8471,5618,5617,8476,8528,8411,8468,8487,8482,8427,8467,5639,8496,8501,8466
12,8471,5621,5616,8477,8528,8411,8468,8488,8483,8427,8467,5637,8497,8501,8467
13,8471,5621,5622,8476,8528,8412,8468,8488,8481,8428,8467,5639,8497,8501,8467
13,8471,5620,5620,8477,8528,8411,8468,8488,8483,8427,8466,5637,8497,8502,8466
13,8471,5626,5618,8476,8528,8411,8468,8487,8484,8426,8466,5641,8497,8501,8467
13,8471,5623,5614,8477,8528,8412,8468,8488,8483,8426,8466,5634,8498,8501,8466
13,8470,5618,5618,8477,8527,8411,8468,8488,8483,8428,8468,5638,8491,8494,8460
13,8460,5615,5614,8461,8518,8404,8458,8483,8480,8420,8447,5627,8472,8471,8425
13,8420,5604,5600,8435,8480,8356,8418,8436,8425,8357,8404,5624,8440,8437,8406
14,8414,5607,5599,8441,8499,8387,8450,8478,8476,8420,8461,5630,8485,8488,8454
13,8460,5619,5609,8463,8516,8395,8451,8466,8462,8406,8446,5632,8471,8478,8446
13,8470,5618,5616,8471,8529,8404,8462,8480,8478,8406,8437,5630,8484,8474,8447
14,8421,5605,5593,8421,8482,8361,8412,8445,8441,8378,8416,5626,8453,8459,8417
13,8347,5578,5570,8344,8403,8297,8373,8385,8366,8307,8343,5601,8379,8384,8364
13,8412,5602,5595,8408,8457,8340,8392,8411,8399,8345,8380,5613,8427,8427,8396
13,8416,5603,5599,8429,8480,8365,8422,8443,8436,8380,8416,5621,8445,8445,8416
13,8418,5603,5598,8428,8483,8368,8425,8445,8439,8383,8427,5626,8461,8464,8427
13,8445,5616,5605,8451,8502,8386,8441,8458,8453,8399,8439,5623,8472,8473,8439
13,8449,5615,5607,8457,8507,8391,8448,8468,8462,8407,8448,5634,8480,8483,8448
13,8459,5618,5610,8465,8516,8400,8457,8477,8471,8416,8454,5636,8485,8487,8452
13,8458,5616,5611,8464,8516,8399,8456,8477,8470,8415,8454,5635,8485,8488,8455
13,8459,5615,5612,8466,8518,8403,8460,8482,8478,8421,8459,5636,8494,8495,8460
14,8468,5617,5614,8475,8526,8411,8468,8488,8485,8431,8470,5633,8504,8506,8471
13,8480,5622,5618,8486,8537,8420,8478,8498,8493,8439,8477,5639,8510,8512,8478
13,8488,5632,5621,8494,8546,8429,8486,8507,8503,8446,8485,5639,8519,8521,8485
13,8491,5626,5624,8496,8547,8431,8486,8506,8501,8447,8486,5642,8517,8520,8483
13,8487,5626,5622,8490,8542,8425,8482,8500,8497,8442,8481,5642,8513,8514,8479
14,8484,5632,5621,8490,8540,8424,8481,8501,8497,8442,8481,5636,8513,8516,8481
13,8487,5626,5624,8492,8544,8428,8484,8504,8501,8445,8485,5639,8518,8520,8485
13,8497,5630,5629,8504,8557,8438,8497,8518,8515,8458,8499,5650,8532,8533,8498
13,8503,5638,5633,8510,8562,8445,8502,8522,8519,8463,8503,5647,8533,8533,8499
13,8506,5638,5636,8512,8564,8447,8504,8525,8521,8465,8503,5648,8537,8539,8504
13,8506,5639,5641,8511,8561,8445,8502,8521,8515,8461,8497,5643,8532,8534,8498
13,8502,5641,5637,8506,8556,8440,8497,8517,8513,8457,8495,5644,8525,8527,8492
14,8502,5641,5644,8510,8562,8444,8499,8521,8517,8458,8499,5645,8533,8535,8501
13,8505,5638,5644,8511,8563,8446,8504,8526,8521,8466,8503,5648,8538,8540,8506
13,8537,5647,5647,8534,8577,8466,8526,8558,8545,8480,8519,5647,8552,8563,8534
13,8527,5639,5642,8523,8566,8447,8499,8542,8541,8475,8500,5654,8543,8548,8518
14,8518,5633,5631,8523,8567,8451,8508,8548,8546,8483,8507,5646,8549,8549,8523
13,8522,5639,5629,8525,8570,8454,8510,8550,8549,8483,8507,5648,8550,8547,8525
13,8522,5636,5630,8527,8571,8455,8511,8552,8551,8486,8511,5655,8552,8547,8527
14,8525,5636,5630,8531,8575,8459,8515,8555,8553,8489,8512,5654,8553,8549,8530
13,8527,5635,5632,8531,8575,8459,8516,8554,8554,8488,8515,5656,8553,8549,8531
13,8527,5637,5632,8532,8576,8460,8516,8557,8554,8489,8516,5649,8553,8550,8531
14,8529,5636,5632,8534,8578,8462,8518,8557,8556,8491,8517,5649,8554,8551,8533
14,8530,5638,5630,8535,8579,8463,8519,8558,8556,8491,8518,5656,8552,8552,8533
13,8529,5639,5634,8534,8578,8461,8518,8559,8555,8490,8516,5649,8553,8550,8533
13,8529,5639,5634,8534,8578,8462,8518,8561,8554,8492,8518,5659,8553,8551,8533
14,8530,5637,5632,8535,8579,8464,8519,8558,8557,8492,8519,5648,8553,8553,8533
13,8531,5639,5633,8536,8579,8464,8520,8559,8556,8493,8517,5653,8553,8553,8534
13,8531,5639,5631,8537,8580,8464,8520,8560,8555,8494,8518,5653,8554,8553,8535
13,8532,5639,5634,8537,8581,8464,8521,8561,8557,8493,8519,5655,8553,8554,8535
13,8533,5638,5631,8538,8582,8465,8522,8562,8557,8494,8519,5660,8554,8554,8536
13,8540,5639,5630,8541,8583,8473,8532,8555,8544,8486,8524,5657,8549,8542,8529
13,8526,5629,5624,8526,8574,8455,8511,8531,8524,8471,8509,5648,8534,8534,8509
14,8516,5629,5619,8520,8571,8454,8511,8530,8526,8471,8510,5648,8536,8538,8509
13,8515,5630,5616,8520,8570,8454,8511,8533,8526,8472,8509,5645,8537,8541,8510
13,8514,5629,5619,8520,8570,8454,8510,8531,8525,8469,8510,5651,8536,8541,8508
13,8514,5633,5624,8519,8570,8454,8510,8531,8524,8469,8509,5650,8536,8542,8508
13,8514,5634,5625,8520,8571,8455,8511,8532,8523,8470,8510,5648,8538,8543,8508
13,8515,5636,5625,8521,8571,8456,8511,8534,8527,8471,8508,5651,8539,8544,8509
14,8517,5638,5629,8522,8574,8457,8513,8534,8526,8473,8512,5654,8541,8547,8511
13,8517,5639,5633,8523,8574,8457,8514,8534,8526,8473,8513,5655,8542,8547,8511
13,8517,5637,5630,8523,8574,8457,8514,8534,8527,8475,8513,5653,8543,8546,8510
14,8517,5636,5630,8523,8574,8458,8514,8533,8527,8474,8511,5652,8543,8548,8511
13,8518,5635,5630,8523,8574,8458,8515,8534,8529,8471,8512,5650,8543,8546,8511
13,8517,5637,5630,8523,8574,8458,8514,8534,8526,8474,8513,5656,8543,8547,8512
13,8517,5637,5634,8523,8573,8457,8514,8534,8528,8473,8513,5655,8543,8547,8510
13,8517,5636,5633,8523,8574,8457,8514,8537,8527,8472,8512,5649,8543,8546,8511
14,8518,5636,5632,8523,8574,8458,8515,8535,8529,8474,8512,5654,8544,8546,8511
14,8518,5636,5630,8523,8574,8458,8515,8533,8527,8473,8511,5647,8545,8547,8512
13,8518,5636,5630,8523,8574,8459,8515,8535,8527,8475,8512,5650,8545,8548,8512
14,8519,5635,5630,8523,8574,8458,8514,8534,8528,8474,8512,5651,8545,8547,8511
14,8518,5635,5630,8523,8574,8458,8515,8534,8529,8474,8513,5651,8546,8548,8512
14,8518,5637,5632,8524,8574,8458,8514,8535,8528,8475,8514,5652,8544,8548,8511
14,8518,5637,5632,8524,8575,8458,8516,8535,8526,8475,8514,5651,8546,8547,8512
13,8518,5636,5630,8524,8575,8458,8515,8534,8527,8473,8514,5651,8545,8547,8512
14,8508,5633,5629,8511,8555,8441,8501,8522,8509,8453,8497,5643,8521,8517,8487
13,8478,5627,5627,8495,8547,8438,8489,8501,8498,8444,8471,5639,8504,8500,8457
13,8467,5615,5613,8479,8538,8428,8485,8513,8520,8468,8513,5652,8547,8546,8511
13,8531,5637,5633,8539,8592,8478,8540,8564,8556,8507,8545,5666,8579,8582,8542
13,8510,5636,5632,8524,8577,8459,8507,8523,8511,8454,8507,5645,8537,8558,8530
13,8559,5647,5640,8559,8607,8493,8552,8575,8569,8513,8554,5668,8589,8592,8559
13,8567,5650,5642,8570,8620,8497,8545,8548,8543,8487,8528,5656,8566,8562,8530
14,8552,5643,5641,8564,8616,8499,8557,8579,8570,8517,8555,5665,8586,8588,8551
13,8556,5647,5639,8559,8610,8495,8553,8574,8569,8514,8554,5662,8587,8588,8553
13,8561,5647,5642,8566,8617,8501,8558,8579,8573,8518,8554,5663,8588,8589,8554
14,8559,5648,5641,8564,8614,8498,8554,8576,8569,8518,8552,5665,8585,8588,8552
13,8560,5647,5642,8565,8615,8498,8556,8577,8570,8517,8555,5664,8587,8588,8553
14,8560,5646,5641,8565,8617,8500,8556,8577,8571,8515,8554,5667,8586,8588,8552
13,8559,5648,5642,8565,8615,8500,8556,8577,8572,8517,8556,5671,8588,8590,8554
13,8563,5646,5642,8568,8619,8503,8559,8580,8574,8520,8558,5669,8590,8592,8556
13,8563,5649,5640,8568,8619,8502,8559,8580,8576,8519,8558,5667,8591,8592,8557
13,8562,5647,5644,8568,8618,8502,8559,8580,8574,8519,8557,5666,8591,8591,8556
13,8562,5646,5641,8566,8617,8501,8558,8578,8573,8519,8557,5664,8589,8590,8555
14,8562,5645,5641,8567,8618,8500,8558,8579,8573,8519,8557,5668,8589,8591,8555
14,8562,5648,5644,8567,8618,8501,8558,8579,8575,8519,8555,5671,8589,8591,8556
13,8562,5649,5644,8567,8618,8501,8558,8579,8573,8519,8556,5670,8589,8591,8555
14,8563,5646,5642,8568,8618,8502,8560,8581,8574,8521,8559,5666,8591,8591,8557
14,8563,5648,5642,8569,8620,8503,8560,8582,8575,8521,8557,5666,8589,8590,8555
13,8564,5646,5644,8569,8619,8503,8560,8581,8574,8520,8558,5672,8592,8594,8558
13,8565,5651,5649,8568,8620,8503,8560,8580,8575,8521,8559,5670,8590,8592,8557
14,8563,5650,5650,8569,8620,8503,8560,8580,8576,8520,8556,5667,8591,8593,8559
13,8565,5655,5650,8570,8621,8505,8561,8584,8578,8524,8561,5670,8593,8595,8560
12,8566,5652,5653,8571,8623,8506,8563,8585,8579,8524,8562,5671,8594,8596,8562
13,8569,5655,5655,8575,8625,8508,8565,8585,8581,8526,8565,5672,8597,8597,8562
13,8571,5656,5659,8576,8626,8510,8567,8588,8581,8528,8566,5675,8598,8599,8565
14,8600,5655,5656,8588,8627,8536,8581,8600,8594,8530,8565,5674,8599,8604,8575
13,8600,5651,5649,8592,8628,8538,8581,8600,8597,8531,8566,5669,8600,8603,8577
13,8600,5651,5645,8592,8628,8538,8581,8601,8600,8532,8567,5670,8601,8603,8579
14,8600,5652,5651,8592,8629,8539,8581,8600,8597,8531,8568,5673,8601,8602,8579
13,8601,5654,5648,8593,8630,8539,8582,8599,8600,8532,8570,5668,8602,8603,8579
14,8602,5654,5646,8594,8630,8540,8582,8600,8597,8533,8568,5675,8602,8603,8581
14,8602,5655,5649,8594,8629,8541,8582,8602,8599,8533,8569,5671,8603,8603,8581
14,8602,5650,5647,8594,8630,8540,8583,8601,8599,8533,8567,5672,8601,8603,8579
14,8602,5653,5644,8594,8630,8540,8583,8600,8598,8534,8568,5671,8602,8603,8580
13,8602,5649,5646,8594,8630,8540,8583,8601,8599,8534,8570,5669,8602,8603,8580
14,8602,5650,5645,8594,8630,8541,8583,8602,8599,8536,8569,5669,8601,8603,8580
14,8602,5653,5646,8595,8631,8541,8583,8602,8599,8534,8568,5670,8604,8604,8581
13,8602,5650,5642,8595,8631,8541,8583,8602,8598,8534,8566,5673,8602,8603,8581
14,8602,5651,5649,8595,8630,8541,8583,8601,8597,8534,8569,5672,8602,8603,8581
14,8601,5650,5646,8595,8630,8541,8583,8601,8598,8533,8569,5673,8603,8604,8581
13,8601,5653,5644,8596,8631,8541,8584,8602,8598,8534,8570,5664,8602,8603,8581
14,8602,5652,5647,8594,8630,8542,8585,8599,8592,8533,8569,5674,8602,8601,8574
14,8580,5648,5640,8580,8629,8514,8571,8591,8582,8529,8567,5671,8600,8600,8568
14,8575,5642,5631,8580,8630,8514,8571,8591,8584,8532,8568,5668,8600,8601,8569
14,8574,5646,5633,8580,8630,8514,8571,8591,8584,8531,8570,5669,8601,8601,8569
13,8574,5644,5637,8580,8630,8514,8571,8590,8584,8532,8569,5672,8602,8603,8568
14,8575,5650,5638,8580,8631,8514,8572,8593,8585,8533,8570,5671,8602,8604,8569
13,8574,5646,5639,8580,8630,8514,8571,8592,8584,8532,8569,5671,8602,8603,8568
13,8574,5649,5641,8579,8630,8513,8571,8591,8583,8531,8568,5669,8601,8603,8568
13,8574,5649,5645,8580,8631,8513,8571,8591,8584,8532,8570,5669,8602,8602,8568
13,8573,5651,5646,8579,8630,8513,8571,8590,8584,8530,8568,5669,8601,8604,8568
13,8573,5650,5648,8580,8630,8513,8570,8590,8583,8532,8568,5673,8602,8602,8567
13,8573,5653,5646,8579,8630,8513,8570,8589,8584,8531,8568,5670,8602,8603,8567
13,8573,5652,5648,8579,8630,8513,8571,8591,8584,8531,8568,5672,8601,8603,8568
13,8574,5654,5648,8580,8630,8513,8571,8591,8586,8532,8568,5673,8601,8602,8568
13,8573,5653,5646,8580,8630,8514,8571,8593,8584,8531,8569,5668,8601,8602,8568
13,8573,5651,5646,8579,8630,8513,8571,8590,8583,8530,8570,5668,8602,8603,8568
13,8574,5650,5645,8580,8630,8513,8571,8589,8584,8532,8567,5670,8601,8602,8569
14,8573,5651,5648,8579,8629,8513,8570,8592,8584,8531,8569,5673,8602,8603,8568
13,8574,5649,5643,8579,8630,8513,8570,8591,8583,8532,8569,5670,8602,8602,8569
13,8574,5653,5643,8580,8630,8513,8571,8591,8584,8531,8568,5677,8601,8603,8568
14,8574,5649,5644,8580,8630,8514,8571,8591,8584,8532,8568,5676,8603,8603,8569
13,8574,5652,5647,8580,8630,8514,8571,8592,8584,8532,8567,5668,8601,8604,8568
14,8574,5653,5646,8580,8630,8513,8571,8590,8585,8532,8568,5669,8602,8603,8569
13,8573,5651,5647,8580,8630,8513,8571,8591,8584,8532,8569,5671,8602,8603,8568
14,8574,5650,5648,8580,8630,8514,8571,8592,8587,8533,8569,5678,8602,8604,8569
13,8574,5651,5647,8579,8630,8513,8571,8591,8584,8532,8569,5673,8602,8603,8568
13,8574,5650,5646,8580,8631,8513,8571,8590,8586,8532,8569,5670,8602,8603,8567
14,8573,5651,5646,8579,8630,8514,8570,8592,8584,8532,8569,5671,8602,8603,8568
13,8573,5652,5646,8579,8629,8512,8569,8588,8582,8527,8563,5675,8593,8593,8557
13,8555,5644,5638,8560,8610,8491,8550,8567,8558,8497,8534,5658,8566,8564,8529
14,8564,5649,5641,8572,8623,8507,8563,8585,8580,8526,8564,5668,8595,8595,8562
13,8542,5641,5633,8543,8590,8471,8524,8549,8540,8492,8526,5662,8559,8559,8521
13,8453,5611,5609,8458,8509,8374,8442,8458,8455,8418,8445,5627,8473,8481,8461
13,8436,5602,5594,8413,8460,8358,8424,8438,8436,8382,8427,5633,8483,8478,8440
13,8434,5608,5603,8441,8489,8370,8405,8426,8421,8365,8402,5617,8435,8444,8406
13,8395,5593,5590,8412,8455,8335,8381,8398,8374,8313,8375,5605,8395,8392,8374
