13,8444,5616,5615,8452,8502,8386,8443,8462,8461,8406,8441,5623,8473,8474,8439
14,8442,5615,5607,8450,8501,8384,8443,8460,8461,8406,8441,5628,8472,8474,8438
13,8442,5617,5612,8450,8500,8383,8441,8459,8458,8403,8437,5632,8472,8473,8439
13,8442,5616,5617,8450,8501,8384,8441,8459,8457,8403,8439,5627,8472,8474,8439
13,8442,5619,5614,8449,8500,8383,8440,8459,8456,8405,8439,5624,8472,8473,8439
13,8442,5615,5616,8450,8500,8384,8441,8460,8457,8404,8440,5626,8472,8474,8440
13,8443,5616,5618,8450,8501,8384,8441,8460,8458,8405,8440,5632,8473,8474,8439
13,8445,5614,5614,8424,8466,8350,8402,8439,8438,8371,8382,5613,8423,8439,8407
13,8406,5610,5610,8415,8470,8348,8406,8427,8447,8415,8406,5613,8474,8453,8413
13,8417,5606,5604,8423,8479,8361,8420,8440,8456,8427,8420,5630,8483,8460,8427
14,8422,5609,5602,8427,8482,8363,8422,8443,8456,8426,8419,5620,8478,8458,8427
14,8421,5606,5602,8426,8481,8361,8421,8441,8452,8426,8419,5620,8472,8454,8425
14,8424,5609,5601,8428,8484,8365,8423,8442,8459,8430,8421,5625,8473,8456,8428
14,8427,5612,5601,8432,8488,8369,8428,8447,8462,8432,8429,5624,8477,8463,8434
13,8430,5612,5601,8433,8488,8369,8428,8445,8460,8429,8425,5629,8474,8462,8434
13,8428,5608,5601,8433,8488,8368,8428,8447,8461,8431,8428,5621,8473,8461,8435
13,8431,5612,5604,8436,8492,8373,8431,8452,8463,8433,8427,5626,8472,8465,8439
14,8436,5608,5600,8449,8498,8383,8444,8472,8464,8413,8437,5631,8450,8458,8445
14,8445,5607,5599,8450,8504,8385,8442,8462,8460,8405,8443,5626,8456,8466,8446
13,8447,5608,5597,8454,8506,8389,8446,8464,8460,8406,8443,5631,8457,8471,8444
13,8445,5607,5596,8452,8504,8387,8444,8463,8459,8405,8442,5624,8459,8473,8442
14,8445,5605,5596,8452,8503,8386,8444,8462,8460,8404,8443,5628,8461,8475,8442
13,8445,5612,5597,8453,8504,8387,8445,8464,8461,8406,8444,5631,8465,8476,8443
13,8445,5608,5603,8453,8504,8387,8445,8462,8460,8405,8441,5623,8466,8477,8443
14,8446,5610,5605,8452,8504,8387,8445,8463,8459,8404,8443,5630,8467,8477,8442
14,8445,5615,5602,8453,8505,8388,8445,8465,8461,8404,8444,5626,8468,8477,8442
14,8445,5616,5610,8453,8504,8388,8445,8464,8460,8404,8444,5629,8469,8478,8442
13,8445,5617,5607,8453,8504,8387,8445,8464,8459,8407,8443,5630,8470,8478,8443
14,8445,5615,5605,8453,8504,8387,8445,8463,8460,8406,8442,5623,8470,8476,8443
14,8445,5616,5611,8453,8504,8388,8445,8463,8460,8406,8445,5632,8472,8478,8443
13,8446,5615,5610,8453,8505,8387,8445,8464,8460,8405,8445,5630,8472,8478,8443
13,8446,5615,5607,8453,8505,8387,8445,8462,8460,8406,8442,5632,8472,8478,8442
13,8446,5614,5605,8454,8505,8388,8445,8463,8460,8406,8444,5630,8473,8477,8443
13,8446,5616,5610,8453,8504,8388,8445,8463,8460,8406,8442,5635,8473,8476,8441
13,8445,5615,5611,8452,8503,8385,8440,8455,8454,8400,8437,5620,8466,8470,8434
13,8423,5605,5601,8430,8481,8363,8420,8438,8437,8381,8420,5626,8452,8455,8420
13,8421,5604,5602,8432,8483,8366,8423,8443,8438,8380,8416,5619,8453,8458,8422
12,8442,5609,5611,8447,8498,8382,8439,8458,8455,8400,8439,5628,8475,8474,8430
14,8416,5602,5595,8393,8424,8320,8377,8387,8390,8341,8374,5601,8417,8421,8382
13,8362,5583,5583,8364,8407,8303,8361,8381,8397,8354,8400,5619,8435,8441,8411
13,8395,5597,5596,8406,8460,8350,8415,8429,8420,8363,8407,5612,8399,8395,8380
13,8397,5602,5596,8415,8467,8351,8409,8428,8425,8372,8408,5621,8441,8440,8402
13,8390,5594,5585,8382,8427,8315,8377,8399,8397,8344,8382,5609,8414,8416,8383
13,8405,5601,5596,8406,8456,8340,8398,8417,8417,8364,8403,5620,8435,8439,8404
13,8396,5599,5592,8404,8453,8333,8384,8397,8393,8340,8380,5605,8412,8416,8384
14,8374,5591,5585,8388,8439,8324,8381,8393,8393,8337,8373,5606,8410,8414,8379
13,8374,5591,5585,8382,8433,8317,8374,8391,8390,8334,8369,5610,8401,8404,8369
13,8356,5582,5578,8362,8419,8321,8381,8397,8396,8341,8376,5611,8404,8401,8358
14,8338,5572,5562,8320,8380,8265,8321,8341,8340,8284,8323,5591,8352,8355,8319
14,8345,5579,5581,8361,8404,8286,8342,8364,8360,8308,8346,5602,8377,8384,8350
13,8350,5582,5585,8356,8407,8272,8322,8344,8341,8288,8327,5598,8360,8360,8324
13,8305,5566,5565,8310,8361,8244,8291,8305,8294,8253,8291,5586,8321,8338,8307
13,8319,5575,5575,8335,8385,8271,8321,8322,8312,8259,8289,5585,8317,8315,8280
13,8258,5537,5543,8270,8326,8205,8266,8287,8291,8225,8263,5573,8298,8283,8243
13,8304,5567,5569,8314,8363,8250,8306,8319,8301,8261,8299,5589,8342,8344,8310
12,8341,5576,5578,8343,8380,8271,8341,8380,8367,8295,8327,5598,8369,8369,8336
14,8308,5565,5562,8304,8351,8233,8290,8328,8334,8296,8303,5583,8357,8331,8303
13,8319,5568,5564,8330,8385,8274,8332,8367,8374,8323,8335,5598,8391,8371,8345
13,8355,5583,5575,8366,8415,8296,8351,8383,8383,8326,8341,5592,8395,8378,8357
14,8343,5575,5577,8355,8405,8286,8345,8378,8383,8333,8345,5600,8395,8379,8356
13,8342,5575,5574,8341,8393,8281,8345,8376,8379,8336,8349,5604,8403,8389,8369
13,8355,5583,5577,8362,8411,8291,8347,8380,8383,8334,8346,5596,8394,8382,8362
13,8340,5576,5571,8347,8397,8281,8340,8373,8378,8327,8340,5597,8386,8374,8355
13,8341,5572,5573,8351,8401,8283,8341,8374,8375,8327,8342,5593,8386,8377,8357
14,8358,5585,5583,8373,8424,8306,8365,8398,8402,8350,8370,5602,8409,8407,8391
14,8386,5583,5576,8391,8431,8323,8385,8398,8395,8334,8367,5599,8380,8385,8362
13,8350,5576,5573,8381,8439,8329,8387,8404,8402,8349,8388,5604,8399,8410,8384
13,8412,5594,5585,8417,8467,8352,8411,8430,8426,8370,8409,5619,8426,8439,8410
13,8412,5598,5584,8420,8471,8354,8411,8430,8424,8370,8408,5617,8428,8441,8409
13,8413,5596,5589,8422,8473,8357,8414,8432,8429,8376,8412,5611,8433,8445,8414
14,8417,5598,5592,8424,8476,8359,8416,8433,8432,8377,8416,5619,8437,8450,8416
14,8420,5599,5592,8427,8479,8363,8420,8437,8436,8380,8417,5620,8441,8452,8418
14,8421,5602,5595,8428,8478,8362,8419,8439,8435,8380,8419,5628,8443,8452,8418
13,8422,5607,5599,8428,8479,8362,8419,8439,8436,8380,8419,5620,8443,8453,8417
13,8421,5606,5601,8428,8479,8361,8419,8437,8434,8378,8418,5628,8445,8453,8418
13,8421,5605,5598,8429,8479,8363,8420,8439,8435,8379,8417,5625,8445,8452,8418
13,8420,5606,5599,8428,8479,8362,8419,8438,8433,8381,8418,5617,8447,8454,8420
13,8425,5610,5601,8433,8484,8367,8424,8442,8442,8385,8423,5626,8452,8457,8423
13,8426,5610,5599,8433,8484,8367,8424,8445,8441,8384,8422,5625,8453,8457,8423
13,8426,5607,5601,8433,8484,8368,8425,8443,8440,8382,8422,5619,8451,8457,8423
13,8425,5607,5599,8433,8483,8367,8424,8442,8438,8385,8424,5623,8452,8457,8422
13,8414,5606,5598,8421,8465,8349,8404,8413,8427,8373,8405,5613,8423,8427,8393
14,8385,5593,5588,8393,8441,8305,8348,8370,8352,8306,8336,5593,8325,8312,8304
13,8392,5595,5592,8416,8449,8332,8389,8410,8423,8372,8412,5615,8451,8458,8419
14,8469,5628,5618,8479,8529,8407,8465,8484,8484,8436,8474,5646,8510,8513,8472
13,8463,5618,5615,8470,8520,8406,8462,8471,8458,8405,8448,5631,8471,8475,8440
13,8362,5592,5584,8381,8429,8346,8435,8456,8445,8376,8424,5620,8459,8447,8393
13,8393,5595,5584,8381,8431,8316,8342,8363,8363,8304,8333,5596,8372,8375,8342
13,8361,5590,5590,8390,8450,8335,8392,8414,8394,8350,8393,5613,8428,8427,8398
13,8368,5588,5584,8376,8426,8311,8367,8384,8381,8337,8382,5611,8407,8413,8378
13,8380,5590,5586,8394,8445,8327,8383,8403,8401,8348,8388,5611,8420,8424,8388
14,8411,5605,5597,8417,8464,8345,8401,8420,8417,8362,8400,5618,8435,8440,8405
13,8411,5603,5596,8418,8468,8352,8408,8425,8419,8367,8405,5616,8438,8439,8403
14,8416,5606,5598,8427,8478,8362,8420,8438,8435,8384,8420,5620,8449,8449,8415
14,8415,5603,5597,8422,8473,8356,8413,8429,8427,8372,8413,5619,8442,8442,8406
13,8404,5599,5592,8411,8463,8347,8406,8425,8424,8368,8406,5616,8441,8441,8407
14,8409,5603,5595,8414,8464,8349,8405,8415,8420,8368,8408,5617,8443,8444,8410
13,8411,5604,5602,8417,8467,8352,8409,8429,8425,8371,8411,5616,8443,8443,8410
13,8421,5607,5606,8430,8482,8366,8424,8441,8438,8382,8422,5625,8451,8452,8419
13,8414,5607,5608,8422,8475,8360,8418,8437,8434,8378,8419,5624,8447,8451,8417
13,8431,5612,5611,8446,8496,8381,8441,8461,8459,8405,8444,5635,8468,8463,8429
14,8433,5615,5617,8443,8497,8383,8441,8462,8459,8411,8452,5631,8481,8486,8452
14,8463,5629,5632,8467,8519,8403,8461,8482,8478,8423,8461,5635,8496,8499,8468
13,8500,5638,5638,8497,8543,8434,8493,8521,8512,8448,8483,5643,8519,8531,8505
13,8503,5633,5633,8505,8548,8432,8489,8525,8523,8458,8483,5641,8528,8533,8502
13,8499,5632,5629,8506,8551,8434,8491,8531,8532,8466,8492,5640,8534,8534,8508
14,8506,5632,5629,8513,8558,8441,8498,8538,8538,8472,8497,5645,8539,8536,8513
14,8508,5633,5629,8515,8560,8443,8500,8539,8539,8475,8500,5645,8540,8536,8516
14,8510,5635,5629,8517,8562,8445,8501,8540,8537,8476,8500,5651,8539,8536,8516
13,8510,5635,5629,8517,8562,8444,8501,8539,8538,8475,8500,5649,8539,8536,8516
14,8511,5633,5629,8517,8561,8445,8501,8537,8539,8475,8501,5652,8537,8535,8517
13,8511,5632,5629,8518,8562,8445,8501,8541,8538,8477,8500,5645,8538,8535,8516
14,8511,5633,5630,8518,8561,8445,8503,8539,8533,8469,8504,5650,8530,8526,8514
14,8516,5633,5622,8512,8562,8444,8507,8514,8505,8446,8486,5642,8512,8507,8489
13,8485,5624,5614,8493,8544,8428,8485,8505,8499,8447,8485,5640,8513,8514,8488
14,8494,5624,5614,8502,8554,8436,8493,8515,8509,8455,8493,5637,8521,8524,8493
14,8497,5627,5620,8504,8555,8438,8495,8514,8510,8455,8494,5641,8523,8526,8493
14,8497,5624,5622,8504,8555,8438,8495,8514,8510,8455,8495,5642,8523,8527,8494
13,8497,5629,5624,8505,8557,8440,8497,8518,8513,8458,8497,5645,8526,8530,8496
13,8500,5633,5621,8507,8558,8441,8499,8517,8510,8459,8498,5641,8527,8530,8496
14,8500,5633,5626,8508,8558,8442,8499,8516,8516,8459,8498,5645,8528,8532,8496
13,8501,5631,5630,8508,8559,8442,8499,8519,8513,8460,8498,5648,8527,8532,8497
13,8501,5635,5629,8508,8559,8441,8499,8517,8514,8458,8499,5650,8529,8531,8497
14,8501,5636,5627,8508,8559,8442,8500,8519,8514,8461,8497,5644,8529,8532,8498
14,8501,5631,5627,8508,8560,8443,8499,8517,8513,8460,8496,5645,8529,8533,8496
13,8501,5633,5632,8508,8560,8442,8500,8517,8513,8462,8499,5646,8530,8532,8496
14,8501,5635,5627,8508,8560,8442,8499,8518,8513,8460,8496,5647,8530,8532,8498
13,8501,5636,5630,8508,8559,8443,8500,8518,8515,8460,8497,5642,8529,8533,8497
13,8501,5631,5633,8509,8560,8442,8500,8515,8514,8459,8498,5646,8529,8533,8497
14,8494,5629,5619,8487,8535,8412,8465,8485,8484,8431,8467,5638,8498,8495,8459
13,8477,5628,5624,8495,8555,8442,8492,8510,8503,8444,8491,5645,8522,8527,8490
13,8496,5624,5627,8498,8552,8441,8494,8520,8514,8458,8504,5655,8537,8533,8504
14,8532,5641,5637,8549,8595,8477,8537,8560,8556,8501,8535,5663,8571,8571,8535
13,8518,5639,5632,8515,8569,8453,8513,8525,8517,8467,8512,5658,8563,8571,8539
13,8559,5646,5643,8554,8605,8489,8548,8567,8565,8511,8548,5665,8584,8590,8556
13,8563,5650,5644,8569,8615,8494,8546,8556,8541,8489,8529,5660,8562,8571,8534
14,8542,5645,5639,8555,8604,8487,8545,8565,8563,8509,8549,5667,8580,8581,8546
13,8548,5643,5639,8556,8607,8490,8546,8565,8562,8509,8547,5667,8579,8580,8545
14,8550,5643,5642,8558,8610,8493,8551,8572,8567,8512,8552,5662,8583,8585,8548
14,8553,5645,5643,8561,8613,8495,8552,8571,8570,8513,8553,5665,8585,8585,8550
14,8556,5645,5641,8563,8614,8497,8554,8574,8569,8517,8554,5665,8586,8588,8553
13,8557,5645,5643,8563,8615,8498,8555,8576,8571,8518,8555,5670,8588,8590,8554
13,8559,5647,5641,8566,8618,8499,8557,8578,8570,8518,8556,5665,8589,8589,8553
14,8558,5648,5641,8565,8617,8499,8557,8577,8572,8518,8556,5667,8588,8589,8554
13,8556,5648,5643,8563,8615,8498,8555,8575,8570,8516,8552,5665,8586,8588,8552
13,8557,5648,5644,8564,8616,8498,8556,8575,8570,8517,8556,5665,8588,8590,8555
14,8560,5651,5649,8566,8618,8501,8557,8579,8573,8520,8558,5662,8591,8591,8556
13,8560,5651,5649,8567,8618,8500,8558,8578,8574,8519,8557,5664,8591,8592,8556
14,8562,5655,5653,8568,8620,8503,8560,8580,8575,8521,8560,5671,8591,8593,8558
13,8563,5655,5656,8570,8622,8505,8562,8583,8576,8524,8562,5672,8595,8595,8560
14,8565,5655,5658,8572,8624,8506,8564,8584,8580,8525,8563,5668,8595,8597,8562
13,8580,5658,5659,8574,8625,8521,8576,8588,8581,8526,8564,5675,8597,8599,8567
14,8595,5655,5654,8588,8626,8534,8577,8596,8595,8530,8565,5668,8599,8601,8576
14,8596,5650,5647,8590,8627,8536,8578,8598,8597,8530,8566,5667,8599,8601,8577
13,8597,5653,5648,8591,8629,8538,8580,8598,8598,8531,8567,5670,8600,8603,8579
14,8598,5652,5644,8593,8629,8538,8581,8599,8599,8533,8569,5671,8600,8602,8579
14,8598,5651,5647,8593,8630,8539,8581,8599,8599,8533,8568,5671,8602,8603,8580
13,8599,5653,5650,8594,8630,8538,8581,8597,8599,8533,8568,5675,8602,8602,8580
14,8599,5651,5645,8593,8630,8539,8582,8598,8599,8532,8569,5670,8602,8603,8580
13,8599,5650,5647,8594,8630,8539,8582,8600,8597,8534,8569,5666,8601,8603,8580
14,8599,5654,5648,8593,8629,8539,8582,8597,8593,8531,8568,5669,8600,8600,8573
13,8583,5649,5637,8580,8629,8515,8572,8590,8583,8529,8568,5666,8598,8599,8567
13,8572,5645,5630,8578,8628,8512,8569,8587,8583,8530,8568,5671,8600,8601,8568
13,8572,5643,5634,8578,8629,8512,8569,8589,8586,8531,8567,5669,8600,8601,8567
13,8572,5649,5635,8578,8629,8511,8569,8590,8585,8531,8568,5668,8601,8603,8568
14,8571,5646,5636,8578,8629,8512,8570,8590,8584,8531,8567,5673,8601,8602,8569
13,8571,5648,5640,8579,8629,8512,8570,8590,8584,8532,8569,5671,8601,8603,8568
13,8572,5650,5641,8579,8630,8512,8570,8588,8582,8531,8569,5666,8600,8603,8567
13,8571,5652,5644,8579,8630,8512,8570,8591,8585,8531,8569,5670,8601,8602,8566
13,8571,5650,5644,8578,8630,8512,8570,8589,8584,8530,8567,5669,8602,8602,8567
13,8571,5650,5646,8578,8630,8512,8569,8589,8587,8532,8568,5676,8600,8603,8567
14,8571,5653,5647,8578,8630,8512,8569,8590,8585,8531,8567,5669,8601,8603,8567
14,8571,5649,5649,8578,8629,8511,8570,8589,8586,8531,8568,5670,8601,8602,8567
13,8571,5650,5646,8578,8629,8512,8569,8589,8584,8531,8568,5670,8600,8603,8567
14,8571,5650,5647,8579,8630,8512,8570,8590,8584,8533,8569,5670,8601,8603,8567
14,8571,5653,5647,8578,8630,8512,8570,8589,8585,8532,8566,5669,8602,8602,8567
14,8571,5650,5649,8579,8630,8512,8570,8591,8584,8534,8568,5673,8601,8601,8568
13,8571,5649,5647,8578,8629,8512,8570,8589,8585,8532,8569,5668,8600,8602,8567
14,8571,5649,5645,8578,8629,8512,8570,8588,8584,8530,8568,5665,8601,8603,8567
13,8571,5650,5646,8578,8630,8512,8570,8589,8585,8532,8570,5667,8601,8601,8568
13,8571,5650,5645,8578,8630,8512,8570,8591,8585,8532,8567,5665,8601,8602,8567
13,8560,5648,5641,8565,8614,8495,8550,8569,8568,8510,8549,5663,8573,8572,8540
14,8532,5637,5633,8537,8585,8469,8522,8541,8537,8487,8527,5657,8573,8582,8548
14,8558,5646,5640,8562,8614,8493,8548,8562,8561,8505,8543,5665,8576,8573,8538
14,8526,5637,5631,8533,8583,8467,8519,8537,8529,8474,8503,5639,8502,8500,8472
13,8457,5618,5615,8492,8549,8433,8479,8490,8495,8425,8449,5632,8495,8494,8443
13,8446,5615,5607,8457,8518,8391,8448,8453,8447,8403,8459,5634,8498,8511,8479
13,8470,5619,5615,8475,8536,8425,8489,8519,8516,8462,8501,5641,8517,8524,8485
13,8355,5588,5587,8393,8429,8317,8361,8368,8383,8323,8342,5596,8387,8391,8336
13,8257,5554,5555,8319,8404,8312,8373,8377,8368,8293,8336,5592,8406,8417,8383
14,8366,5587,5585,8369,8396,8274,8322,8332,8317,8277,8282,5583,8331,8329,8308
13,8353,55