14,8593,5660,5649,8601,8653,8534,8593,8610,8610,8554,8591,5680,8623,8624,8588
14,8593,5657,5654,8601,8654,8535,8592,8611,8610,8555,8592,5671,8623,8624,8588
13,8593,5655,5651,8601,8654,8535,8592,8611,8612,8556,8591,5674,8621,8624,8588
14,8593,5659,5648,8600,8653,8534,8592,8612,8610,8555,8591,5673,8622,8623,8587
14,8593,5660,5652,8602,8653,8535,8593,8611,8610,8556,8590,5672,8623,8624,8588
14,8593,5657,5650,8601,8654,8534,8594,8610,8611,8555,8590,5675,8623,8624,8588
14,8592,5656,5653,8601,8654,8534,8593,8610,8608,8555,8591,5675,8623,8624,8588
13,8592,5657,5651,8601,8653,8534,8593,8612,8610,8556,8593,5677,8623,8624,8588
14,8593,5659,5653,8601,8653,8535,8593,8609,8610,8556,8591,5674,8623,8624,8588
13,8592,5659,5651,8600,8653,8534,8593,8608,8610,8554,8591,5671,8622,8623,8587
14,8593,5660,5653,8601,8653,8534,8593,8611,8609,8557,8591,5675,8623,8624,8588
13,8593,5658,5651,8601,8653,8535,8593,8611,8609,8556,8591,5679,8623,8624,8588
14,8594,5656,5651,8601,8654,8534,8593,8612,8611,8556,8591,5673,8622,8623,8588
13,8593,5660,5651,8601,8654,8534,8593,8611,8610,8555,8588,5674,8624,8622,8588
14,8593,5659,5651,8601,8653,8534,8593,8611,8612,8556,8592,5673,8622,8623,8587
13,8592,5657,5651,8601,8653,8534,8593,8611,8608,8556,8591,5670,8623,8624,8587
14,8593,5659,5651,8601,8653,8534,8593,8610,8610,8556,8592,5678,8621,8624,8588
13,8592,5656,5650,8601,8653,8534,8593,8609,8610,8554,8590,5676,8622,8623,8588
13,8593,5657,5653,8600,8653,8534,8593,8612,8609,8553,8589,5672,8623,8623,8586
13,8593,5656,5650,8601,8654,8534,8593,8613,8611,8556,8592,5678,8622,8624,8588
13,8593,5656,5652,8601,8653,8534,8593,8610,8609,8557,8591,5678,8623,8623,8588
14,8593,5656,5652,8601,8653,8534,8592,8611,8611,8556,8591,5671,8623,8623,8588
14,8593,5658,5653,8601,8654,8534,8593,8610,8611,8554,8590,5674,8623,8624,8586
14,8593,5659,5653,8601,8654,8534,8593,8611,8610,8554,8590,5676,8622,8623,8587
14,8592,5656,5650,8601,8653,8535,8593,8611,8607,8556,8592,5676,8623,8623,8587
14,8593,5658,5653,8601,8653,8534,8593,8610,8611,8555,8591,5673,8622,8624,8588
14,8593,5658,5654,8601,8654,8534,8593,8612,8608,8555,8591,5670,8623,8624,8588
14,8593,5663,5659,8601,8653,8535,8593,8612,8610,8555,8592,5683,8622,8623,8588
13,8594,5666,5665,8602,8654,8535,8593,8612,8611,8557,8593,5675,8622,8625,8587
14,8594,5673,5672,8602,8654,8535,8593,8610,8610,8555,8593,5674,8623,8624,8589
13,8594,5674,5673,8602,8654,8535,8593,8612,8610,8555,8592,5685,8623,8623,8590
14,8593,5674,5683,8602,8654,8535,8594,8612,8610,8556,8592,5686,8623,8624,8588
13,8593,5670,5689,8601,8654,8534,8593,8611,8610,8555,8591,5686,8621,8624,8588
13,8593,5672,5677,8604,8654,8533,8593,8611,8611,8555,8593,5677,8625,8638,8601
14,8594,5661,5661,8600,8655,8534,8594,8609,8612,8557,8592,5672,8633,8634,8590
13,8594,5658,5660,8600,8655,8535,8594,8608,8615,8561,8590,5678,8633,8630,8589
13,8594,5657,5653,8601,8655,8535,8594,8611,8613,8560,8593,5675,8633,8628,8590
13,8595,5660,5657,8601,8656,8535,8594,8608,8612,8559,8594,5673,8632,8628,8590
13,8595,5657,5656,8600,8655,8535,8594,8611,8612,8559,8594,5678,8630,8627,8590
14,8595,5660,5652,8600,8656,8535,8595,8609,8613,8559,8593,5676,8630,8626,8589
13,8595,5660,5653,8601,8656,8536,8595,8610,8613,8561,8594,5674,8630,8626,8591
13,8595,5659,5655,8601,8656,8536,8595,8608,8614,8559,8593,5672,8630,8627,8590
13,8595,5659,5651,8601,8656,8536,8594,8609,8612,8561,8592,5675,8629,8627,8590
13,8595,5659,5651,8601,8656,8536,8595,8610,8613,8561,8594,5674,8628,8625,8589
14,8595,5659,5653,8601,8656,8535,8594,8610,8613,8559,8594,5675,8627,8626,8591
14,8595,5659,5648,8601,8656,8536,8594,8609,8611,8561,8592,5677,8626,8627,8590
14,8595,5662,5655,8601,8656,8535,8594,8608,8613,8558,8593,5672,8627,8626,8591
13,8595,5658,5652,8601,8656,8536,8595,8609,8615,8559,8595,5677,8627,8626,8590
13,8596,5657,5655,8601,8656,8536,8595,8610,8611,8562,8594,5679,8627,8626,8590
14,8595,5660,5653,8601,8656,8536,8595,8608,8613,8561,8596,5675,8627,8627,8590
13,8595,5658,5652,8601,8656,8535,8595,8609,8613,8561,8594,5675,8627,8625,8591
14,8595,5659,5651,8601,8656,8536,8595,8610,8613,8560,8593,5678,8627,8626,8590
14,8595,5659,5653,8601,8656,8536,8595,8609,8613,8562,8592,5671,8626,8626,8590
14,8595,5660,5651,8601,8656,8535,8595,8608,8612,8560,8594,5678,8626,8627,8591
13,8595,5660,5654,8602,8656,8536,8595,8606,8614,8560,8595,5681,8626,8627,8592
13,8596,5660,5651,8601,8657,8536,8595,8610,8614,8560,8593,5673,8626,8627,8591
13,8596,5659,5653,8601,8657,8536,8595,8611,8614,8560,8593,5678,8626,8626,8591
14,8596,5661,5652,8602,8656,8536,8595,8610,8613,8559,8594,5676,8625,8626,8592
14,8596,5658,5653,8601,8656,8536,8595,8609,8615,8561,8593,5674,8625,8625,8592
13,8596,5660,5649,8602,8656,8536,8595,8609,8614,8561,8595,5676,8625,8626,8592
13,8595,5662,5650,8601,8657,8537,8595,8609,8614,8560,8593,5677,8625,8626,8592
13,8596,5660,5654,8601,8656,8537,8595,8610,8612,8560,8594,5686,8626,8627,8591
14,8596,5656,5656,8601,8656,8536,8595,8610,8613,8559,8593,5678,8625,8626,8591
14,8596,5660,5651,8601,8656,8536,8595,8610,8613,8559,8594,5678,8626,8626,8591
13,8595,5660,5654,8602,8656,8536,8595,8610,8614,8561,8595,5675,8625,8626,8593
13,8595,5654,5649,8609,8656,8540,8594,8609,8614,8557,8593,5673,8615,8613,8593
14,8594,5648,5630,8601,8654,8533,8591,8609,8609,8552,8589,5660,8612,8613,8586
13,8592,5635,5616,8601,8653,8534,8593,8612,8610,8554,8591,5665,8614,8619,8588
14,8594,5636,5618,8601,8653,8535,8594,8610,8609,8555,8590,5666,8616,8622,8588
14,8594,5638,5628,8602,8654,8536,8594,8611,8610,8555,8592,5669,8616,8624,8588
14,8594,5643,5625,8602,8654,8535,8594,8613,8610,8555,8591,5672,8617,8623,8589
14,8594,5644,5631,8602,8654,8535,8594,8611,8610,8554,8592,5674,8618,8624,8588
14,8594,5647,5642,8601,8653,8534,8593,8612,8611,8556,8591,5673,8619,8623,8588
14,8594,5653,5647,8601,8654,8535,8594,8610,8611,8554,8592,5674,8619,8623,8588
13,8594,5658,5651,8601,8654,8535,8593,8610,8610,8555,8591,5673,8620,8624,8589
13,8594,5657,5653,8601,8653,8535,8593,8612,8610,8555,8590,5673,8620,8624,8588
14,8594,5652,5651,8601,8653,8535,8593,8613,8609,8555,8591,5674,8620,8624,8588
14,8593,5658,5649,8601,8653,8535,8593,8611,8611,8555,8590,5674,8621,8624,8588
14,8594,5657,5652,8601,8654,8535,8593,8613,8610,8556,8590,5674,8620,8624,8587
14,8594,5655,5652,8602,8654,8535,8593,8612,8609,8555,8591,5670,8621,8624,8588
13,8593,5655,5653,8602,8653,8535,8594,8611,8610,8556,8591,5671,8622,8624,8588
13,8593,5657,5649,8602,8654,8535,8593,8613,8610,8557,8591,5670,8622,8624,8587
13,8593,5657,5652,8601,8654,8535,8593,8613,8610,8554,8592,5675,8622,8624,8589
13,8594,5659,5649,8601,8653,8535,8594,8612,8608,8556,8591,5679,8621,8624,8588
13,8594,5658,5651,8601,8654,8535,8594,8610,8611,8554,8589,5678,8622,8623,8589
14,8594,5656,5651,8602,8654,8535,8593,8612,8609,8555,8591,5675,8621,8624,8588
13,8594,5657,5653,8601,8654,8535,8594,8613,8610,8555,8592,5680,8621,8624,8588
14,8594,5658,5651,8602,8654,8535,8594,8609,8610,8554,8592,5674,8622,8625,8588
13,8593,5656,5652,8601,8654,8535,8593,8612,8610,8556,8590,5669,8622,8624,8588
14,8594,5659,5654,8602,8654,8535,8593,8613,8610,8556,8591,5677,8622,8624,8588
13,8594,5656,5651,8601,8654,8535,8593,8610,8611,8556,8591,5675,8622,8624,8588
14,8594,5659,5650,8602,8653,8535,8593,8610,8610,8556,8591,5678,8622,8624,8588
14,8594,5658,5652,8601,8654,8535,8593,8613,8609,8555,8590,5678,8623,8624,8588
14,8594,5659,5650,8601,8654,8535,8593,8612,8609,8556,8591,5670,8622,8624,8588
13,8594,5660,5651,8602,8654,8535,8593,8613,8609,8555,8591,5680,8622,8624,8589
13,8594,5655,5653,8602,8654,8535,8593,8613,8609,8555,8591,5677,8622,8624,8587
13,8594,5658,5653,8601,8654,8535,8594,8610,8610,8557,8591,5675,8623,8624,8588
14,8594,5659,5650,8602,8654,8535,8593,8610,8611,8557,8592,5676,8622,8624,8588
14,8594,5658,5653,8602,8654,8535,8593,8612,8609,8557,8591,5673,8622,8624,8588
14,8594,5659,5651,8602,8654,8535,8594,8610,8611,8555,8590,5670,8622,8624,8589
13,8594,5654,5651,8602,8654,8535,8594,8613,8610,8555,8590,5678,8624,8624,8589
14,8594,5658,5650,8601,8654,8535,8593,8614,8611,8554,8592,5677,8623,8624,8588
14,8594,5658,5654,8602,8654,8535,8593,8612,8611,8556,8591,5676,8622,8624,8588
13,8594,5657,5650,8601,8654,8534,8593,8612,8610,8555,8591,5677,8622,8623,8588
13,8592,5654,5650,8601,8653,8534,8593,8612,8608,8554,8590,5673,8620,8623,8587
14,8593,5655,5651,8601,8653,8535,8593,8610,8610,8555,8591,5679,8622,8624,8589
13,8595,5658,5652,8603,8655,8537,8595,8614,8611,8555,8594,5671,8625,8627,8591
14,8598,5659,5653,8606,8658,8539,8598,8617,8613,8559,8595,5678,8627,8628,8592
14,8599,5661,5655,8608,8660,8542,8600,8618,8615,8561,8597,5675,8629,8629,8593
13,8600,5661,5655,8608,8661,8541,8600,8619,8614,8563,8597,5678,8629,8631,8595
14,8601,5659,5655,8610,8661,8542,8601,8617,8618,8564,8598,5674,8630,8632,8596
14,8603,5663,5655,8610,8662,8544,8602,8621,8619,8563,8600,5678,8632,8632,8597
13,8603,5662,5657,8611,8662,8544,8602,8623,8621,8564,8601,5676,8631,8633,8597
14,8603,5661,5657,8611,8664,8544,8603,8622,8619,8565,8599,5677,8631,8632,8597
14,8603,5660,5654,8611,8663,8544,8602,8622,8620,8565,8600,5681,8631,8633,8597
14,8603,5658,5654,8611,8663,8544,8602,8622,8619,8565,8601,5678,8631,8632,8597
14,8603,5659,5657,8610,8663,8543,8602,8622,8617,8564,8600,5678,8631,8632,8597
14,8603,5662,5654,8610,8663,8544,8602,8620,8619,8563,8600,5674,8632,8632,8597
14,8603,5659,5653,8610,8662,8544,8603,8622,8618,8565,8603,5679,8632,8633,8597
13,8603,5660,5656,8611,8663,8544,8603,8622,8620,8564,8600,5681,8630,8633,8597
13,8603,5659,5652,8610,8663,8544,8602,8621,8618,8563,8599,5681,8631,8632,8596
14,8603,5661,5657,8610,8663,8544,8602,8620,8621,8565,8600,5678,8631,8632,8596
13,8602,5662,5655,8611,8662,8544,8602,8621,8619,8564,8599,5681,8631,8633,8596
13,8603,5662,5657,8611,8663,8544,8603,8622,8617,8564,8601,5680,8631,8633,8596
14,8603,5663,5652,8611,8663,8543,8603,8623,8619,8563,8602,5678,8633,8633,8597
14,8603,5661,5655,8611,8663,8544,8602,8622,8622,8565,8599,5678,8631,8632,8597
13,8603,5660,5658,8610,8663,8544,8602,8621,8620,8565,8600,5675,8632,8632,8597
13,8603,5662,5654,8610,8663,8544,8602,8621,8620,8565,8600,5673,8632,8632,8597
14,8603,5658,5654,8611,8663,8545,8602,8621,8620,8562,8599,5680,8632,8633,8597
13,8602,5663,5654,8611,8663,8544,8601,8622,8619,8564,8600,5675,8631,8632,8596
14,8603,5661,5656,8611,8663,8543,8602,8622,8620,8563,8600,5674,8630,8633,8597
13,8602,5662,5655,8611,8663,8543,8603,8620,8619,8564,8600,5678,8630,8633,8596
14,8602,5661,5654,8611,8663,8544,8602,8622,8619,8565,8599,5676,8630,8632,8597
13,8603,5660,5653,8611,8663,8544,8602,8621,8620,8565,8598,5675,8631,8633,8597
14,8603,5661,5654,8611,8663,8544,8602,8621,8622,8564,8600,5677,8630,8631,8597
13,8602,5662,5655,8611,8663,8544,8602,8623,8620,8566,8601,5676,8632,8633,8597
13,8603,5661,5656,8610,8663,8544,8602,8621,8619,8565,8600,5678,8631,8632,8595
13,8603,5660,5654,8611,8663,8544,8602,8621,8620,8564,8600,5681,8632,8632,8596
14,8603,5663,5654,8611,8663,8544,8602,8621,8618,8563,8600,5678,8631,8631,8596
13,8603,5660,5658,8611,8662,8544,8602,8619,8618,8563,8599,5676,8631,8632,8596
13,8603,5660,5655,8610,8663,8544,8602,8620,8619,8564,8600,5680,8631,8632,8596
14,8603,5663,5657,8611,8663,8544,8602,8620,8619,8564,8600,5673,8631,8632,8596
13,8603,5664,5657,8610,8663,8544,8602,8622,8619,8563,8598,5681,8630,8632,8597
14,8602,5670,5673,8611,8663,8544,8602,8619,8618,8564,8600,5677,8631,8633,8596
14,8603,5673,5680,8610,8663,8543,8602,8620,8618,8564,8600,5684,8632,8633,8597
13,8603,5675,5680,8611,8662,8543,8601,8621,8618,8563,8600,5687,8632,8632,8596
14,8603,5676,5686,8611,8663,8544,8602,8621,8620,8563,8599,5684,8631,8633,8597
14,8603,5680,5692,8611,8662,8544,8602,8621,8619,8565,8600,5694,8631,8632,8597
14,8603,5679,5689,8611,8663,8547,8606,8620,8618,8563,8600,5684,8630,8631,8602
13,8601,5668,5669,8605,8661,8541,8600,8619,8618,8565,8598,5679,8633,8642,8608
14,8602,5661,5663,8605,8662,8541,8600,8619,8620,8565,8597,5679,8632,8638,8609
13,8602,5663,5659,8605,8662,8541,8600,8619,8619,8566,8600,5680,8632,8635,8608
14,8602,5663,5659,8605,8662,8541,8601,8620,8620,8567,8598,5678,8633,8634,8608
13,8603,5661,5659,8605,8663,8541,8601,8619,8619,8565,8600,5677,8632,8634,8607
13,8603,5663,5659,8605,8663,8542,8601,8619,8620,8566,8600,5676,8633,8633,8607
14,8603,5661,5656,8605,8663,8542,8601,8619,8618,8567,8600,5676,8633,8633,8607
13,8603,5661,5657,8605,8663,8542,8601,8620,8621,8565,8599,5675,8632,8632,8607
13,8603,5662,5654,8605,8662,8542,8601,8618,8620,8565,8599,5680,8633,8633,8608
13,8603,5660,5658,8606,8663,8541,8601,8618,8619,8566,8601,5681,8632,8632,8608
13,8602,5662,5657,8606,8663,8542,8602,8618,8620,8565,8600,5682,8633,8634,8608
14,8603,5661,5658,8605,8663,8542,8601,8619,8620,8568,8601,5677,8633,8633,8608
13,8603,5663,5653,8606,8663,8542,8602,8619,8620,8566,8601,5681,8633,8633,8608
14,8603,5662,5655,8606,8663,8542,8602,8619,8619,8567,8600,5684,8633,8633,8608
13,8603,5661,5653,8606,8663,8542,8602,8619,8620,8564,8601,5674,8632,8632,8607
13,8603,5661,5655,8606,8663,8542,8601,8620,8621,8567,8601,5680,8632,8633,8606
13,8602,5660,5656,8606,8664,8542,8602,8618,8622,8566,8599,5678,8631,8632,8606
14,8603,5661,5652,8606,8662,8542,8601,8620,8620,8566,8598,5673,8632,8633,8607
14,8603,5661,5658,8605,8663,8542,8602,8619,8621,8566,8599,5677,8632,8633,8607
14,8603,5659,5654,8605,8663,8542,8601,8620,8621,8566,8601,5679,8633,8633,8608
14,8603,5661,5655,8605,8662,8542,8602,8620,8621,8566,8601,5680,8632,8633,8607
13,8603,5660,5656,8606,8663,8542,8602,8620,8621,8567,8601,5677,8632,8633,8607
14,8603,5661,5655,8605,8663,8542,8602,8619,8620,8564,8600,5680,8632,8633,8608
13,8603,5661,5652,8605,8663,8542,8602,8619,8621,8566,8601,5678,8632,8633,8607
14,8603,5662,5654,8606,8663,8542,8602,8620,8620,8566,8599,5677,8632,8632,8606
14,8603,5661,5655,8606,8663,8542,8602,8621,8620,8566,8600,5674,8631,8633,8608
13,8603,5663,5652,8606,8663,8542,8602,8619,8621,8566,8600,5679,8632,8634,8607
13,8603,5663,5652,8606,8663,8543,8602,8619,8620,8568,8600,5676,8632,8634,8607
14,8603,5662,5659,8606,8663,8543,8602,8620,8620,8567,8599,5682,8632,8632,8607
14,8603,5663,5656,8606,8663,8542,8602,8620,8621,8566,8601,5679,8631,8633,8607
14,8603,5662,5652,8606,8663,8542,8602,8619,8621,8566,8601,5676,8632,8633,8607
14,8603,5661,5652,8611,8663,8546,8603,8621,8619,8565,8600,5679,8630,8623,8601
13,8604,5651,5639,8610,8664,8545,8604,8621,8620,8565,8601,5669,8630,8627,8597
14,8604,5639,5618,8611,8664,8545,8604,8622,8621,8567,8600,5660,8630,8630,8598
13,8604,5639,5618,8612,8664,8546,8604,8622,8620,8565,8602,5669,8631,8631,8598
14,8604,5643,5626,8612,8664,8546,8604,8624,8621,8566,8600,5668,8631,8633,8598
13,8604,5646,5631,8612,8664,8546,8604,8622,8619,8565,8600,5677,8631,8634,8597
14,8604,5649,5636,8612,8664,8545,8603,8622,8619,8565,8600,5678,8631,8633,8597
13,8604,5653,5639,8611,8663,8545,8603,8623,8619,8565,8599,5677,8631,8632,8597
13,8603,5659,5653,8611,8664,8545,8603,8621,8619,8564,8600,5678,8631,8633,8597
13,8603,5660,5650,8611,8663,8545,8603,8622,8621,8564,8600,5674,8631,8632,8597
13,8603,5659,5654,8611,8663,8545,8602,8622,8618,8562,8600,5684,8631,8632,8597
13,8603,5663,5654,8612,8664,8545,8603,8622,8620,8565,8600,5682,8631,8633,8597
14,8603,5658,5653,8611,8664,8545,8603,8621,8618,8565,8600,5676,8631,8633,8597
14,8604,5662,5654,8612,8663,8545,8603,8622,8620,8564,8601,5673,8631,8633,8598
13,8604,5659,5657,8611,8663,8545,8603,8624,8619,8566,8601,5677,8631,8633,8597
12,8604,5660,5654,8611,8663,8545,8603,8621,8621,8567,8602,5676,8632,8633,8597
14,8604,5663,5652,8611,8663,8545,8603,8621,8621,8566,8601,5678,8632,8634,8598
14,8604,5662,5656,8611,8663,8545,8603,8623,8619,8564,8600,5676,8632,8633,8597
14,8603,5660,5655,8611,8663,8544,8603,8621,8620,8566,8601,5675,8632,8633,8597
13,8603,5660,5652,8611,8664,8545,8603,8621,8620,8565,8602,5680,8632,8633,8596
13,8603,5661,5658,8611,8664,8545,8603,8621,8622,8566,8600,5680,8632,8633,8596
14,8604,5661,5653,8611,8663,8545,8602,8621,8619,8565,8601,5679,8632,8633,8596
14,8604,5663,5653,8611,8664,8545,8603,8620,8620,8564,8600,5681,8632,8634,8597
14,8603,5663,5656,8611,8663,8544,8602,8622,8620,8565,8602,5678,8632,8633,8596
13,8603,5660,5653,8611,8663,8545,8603,8621,8618,8565,8601,5679,8632,8633,8596
13,8603,5661,5657,8611,8663,8544,8603,8622,8618,8564,8600,5676,8632,8632,8596
13,8603,5661,5651,8611,8663,8544,8603,8623,8618,8565,8600,5679,8632,8633,8597
14,8604,5660,5655,8611,8663,8545,8603,8621,8620,8565,8600,5678,8632,8634,8596
14,8604,5661,5656,8611,8663,8545,8602,8621,8617,8564,8601,5677,8631,8633,8597
13,8604,5663,5651,8611,8663,8544,8603,8622,8620,8565,8599,5685,8632,8633,8597
14,8603,5659,5653,8611,8663,8545,8602,8622,8619,8565,8601,5679,8632,8632,8596
13,8603,5660,5656,8611,8664,8544,8602,8622,8620,8565,8601,5683,8632,8633,8597
13,8604,5661,5657,8611,8663,8544,8603,8621,8621,8565,8601,5679,8632,8633,8597
14,8604,5663,5654,8611,8663,8545,8603,8619,8620,8565,8601,5681,8632,8633,8597
13,8603,5662,5657,8611,8663,8544,8603,8622,8618,8565,8600,5685,8633,8633,8597
14,8604,5662,5657,8611,8663,8544,8603,8620,8618,8565,8600,5677,8633,8633,8596
13,8603,5661,5650,8611,8663,8544,8603,8623,8620,8566,8601,5679,8632,8632,8596
13,8604,5661,5655,8611,8663,8545,8603,8622,8621,8565,8601,5680,8632,8634,8596
14,8604,5661,5656,8611,8664,8545,8603,8622,8619,8565,8601,5682,8632,8632,8596
14,8604,5660,5654,8611,8663,8544,8603,8622,8620,8566,8601,5678,8632,8633,8596
13,8604,5660,5653,8612,8664,8545,8603,8622,8620,8565,8601,5680,8632,8634,8598
14,8605,5660,5656,8612,8665,8547,8604,8624,8621,8567,8603,5676,8633,8635,8599
14,8606,5662,5656,8613,8666,8547,8605,8623,8622,8567,8603,5677,8633,8635,8599
13,8606,5659,5656,8614,8666,8547,8605,8624,8623,8568,8604,5678,8634,8636,8599
13,8606,5663,5657,8613,8666,8548,8605,8626,8623,8569,8604,5676,8636,8636,8600
14,8606,5662,5657,8613,8666,8547,8605,8625,8623,8569,8604,5686,8634,8636,8599
13,8606,5663,5655,8613,8666,8547,8605,8625,8623,8568,8605,5679,8634,8636,8599
13,8606,5661,5657,8614,8666,8548,8605,8624,8624,8568,8604,5681,8636,8637,8601
14,8607,5661,5658,8614,8666,8548,8606,8625,8623,8568,8604,5682,8636,8637,8600
14,8607,5664,5658,8614,8667,8548,8606,8623,8624,8569,8604,5679,8635,8637,8600
13,8607,5662,5657,8614,8666,8547,8605,8625,8622,8569,8605,5680,8636,8637,8599
13,8606,5661,5659,8614,8666,8548,8605,8626,8625,8568,8604,5678,8635,8636,8599
13,8606,5662,5655,8614,8666,8547,8605,8625,8623,8567,8603,5677,8635,8637,8600
13,8606,5664,5657,8614,8667,8548,8605,8625,8623,8568,8604,5685,8635,8637,8600
14,8606,5662,5654,8614,8666,8548,8605,8624,8623,8569,8604,5677,8635,8636,8600
14,8606,5660,5658,8614,8666,8548,8605,8625,8623,8568,8604,5679,8636,8637,8600
14,8607,5663,5653,8614,8667,8548,8606,8623,8623,8568,8603,5682,8636,8636,8601
14,8607,5663,5658,8614,8666,8548,8605,8625,8624,8567,8604,5682,8635,8636,8600
13,8607,5660,5657,8614,8666,8548,8605,8626,8622,8568,8605,5683,8635,8637,8601
13,8607,5663,5658,8614,8667,8547,8605,8625,8623,8568,8606,5677,8635,8636,8601
14,8606,5663,5654,8613,8667,8547,8606,8625,8624,8569,8604,5678,8636,8637,8601
13,8606,5663,5658,8614,8666,8548,8606,8626,8623,8568,8604,5678,8635,8636,8600
13,8606,5659,5658,8613,8667,8547,8606,8626,8625,8568,8603,5684,8635,8636,8601
13,8606,5664,5657,8613,8666,8547,8605,8625,8623,8567,8604,5685,8635,8637,8600
13,8606,5663,5656,8614,8666,8548,8605,8626,8622,8568,8604,5679,8635,8637,8600
14,8607,5659,5658,8614,8666,8548,8606,8625,8623,8567,8604,5678,8635,8636,8601
14,8607,5664,5656,8614,8667,8548,8605,8626,8623,8570,8604,5680,8636,8637,8601
13,8607,5663,5654,8613,8667,8547,8606,8626,8622,8568,8601,5679,8635,8637,8599
14,8607,5663,5661,8613,8667,8548,8605,8625,8621,8568,8604,5681,8635,8637,8600
14,8606,5663,5655,8614,8666,8548,8606,8625,8624,8567,8605,5679,8635,8636,8601
13,8607,5661,5656,8614,8667,8548,8606,8626,8624,8569,8605,5682,8636,8636,8601
13,8607,5663,5657,8614,8667,8548,8606,8625,8623,8568,8604,5682,8636,8637,8600
14,8606,5663,5655,8614,8667,8548,8606,8627,8623,8568,8602,5683,8635,8637,8601
14,8607,5663,5657,8613,8667,8547,8606,8626,8623,8569,8604,5685,8635,8637,8600
13,8607,5663,5657,8614,8667,8548,8605,8626,8621,8567,8604,5680,8636,8637,8601
14,8606,5660,5659,8614,8666,8548,8606,8624,8623,8569,8604,5678,8636,8638,8601
14,8606,5664,5655,8614,8666,8547,8605,8624,8623,8568,8605,5677,8636,8637,8600
13,8606,5664,5662,8614,8667,8548,8605,8625,8623,8569,8604,5682,8636,8637,8600
13,8607,5671,5672,8614,8666,8548,8606,8625,8624,8569,8604,5686,8635,8637,8600
13,8606,5674,5680,8613,8666,8547,8605,8625,8623,8568,8604,5682,8635,8637,8600
14,8606,5678,5680,8613,8667,8547,8605,8626,8622,8568,8604,5689,8635,8637,8601
14,8606,5681,5690,8613,8666,8547,8605,8626,8622,8568,8603,5686,8634,8636,8600
14,8606,5679,5694,8614,8666,8547,8605,8625,8624,8568,8602,5693,8636,8636,8600
14,8606,5682,5700,8614,8666,8547,8608,8624,8622,8568,8603,5696,8634,8637,8600
14,8606,5675,5676,8610,8666,8545,8604,8624,8623,8569,8604,5678,8639,8651,8608
14,8606,5663,5667,8611,8667,8547,8605,8623,8624,8570,8605,5679,8639,8643,8608
14,8607,5662,5663,8610,8667,8546,8605,8624,8625,8571,8603,5679,8639,8641,8609
14,8606,5665,5659,8610,8667,8547,8605,8622,8623,8570,8604,5684,8639,8640,8610
13,8607,5664,5660,8611,8667,8547,8605,8623,8625,8570,8605,5682,8639,8639,8609
13,8607,5661,5660,8611,8667,8547,8606,8621,8624,8571,8603,5678,8639,8638,8609
14,8606,5664,5658,8611,8668,8547,8606,8623,8625,8572,8605,5682,8639,8638,8610
14,8607,5663,5660,8611,8667,8548,8606,8624,8626,8570,8606,5681,8638,8638,8609
13,8607,5663,5658,8611,8667,8547,8606,8624,8625,8572,8604,5678,8638,8639,8610
14,8608,5664,5659,8611,8667,8547,8606,8623,8624,8570,8606,5675,8638,8639,8610
14,8607,5664,5653,8610,8667,8547,8606,8624,8625,8571,8605,5679,8638,8638,8610
13,8607,5663,5657,8611,8667,8548,8605,8624,8624,8571,8606,5681,8638,8638,8609
13,8608,5663,5658,8610,8667,8548,8606,8623,8624,8570,8606,5680,8638,8638,8609
13,8607,5661,5655,8610,8668,8547,8606,8623,8625,8571,8606,5679,8637,8637,8610
13,8607,5664,5658,8611,8667,8547,8606,8623,8625,8572,8606,5679,8637,8637,8609
13,8607,5662,5659,8611,8668,8547,8605,8623,8624,8572,8603,5673,8637,8638,8609
13,8607,5662,5657,8611,8668,8547,8605,8625,8625,8571,8604,5685,8637,8638,8610
15,8607,5663,5656,8611,8667,8548,8605,8623,8625,8571,8605,5681,8637,8638,8609
14,8607,5662,5657,8611,8667,8547,8605,8623,8624,8571,8606,5680,8638,8638,8609
14,8607,5663,5657,8611,8668,8547,8606,8622,8625,8571,8606,5679,8636,8638,8610
13,8607,5663,5656,8611,8668,8547,8606,8623,8626,8569,8605,5677,8637,8637,8609
14,8607,5662,5657,8611,8668,8548,8606,8624,8624,8572,8605,5689,8637,8638,8610
13,8607,5662,5656,8610,8668,8547,8606,8626,8625,8571,8603,5680,8637,8638,8610
13,8606,5664,5658,8611,8667,8547,8606,8623,8624,8571,8605,5678,8637,8638,8610
13,8607,5662,5659,8611,8668,8548,8606,8622,8624,8570,8605,5673,8637,8638,8610
13,8607,5664,5660,8611,8668,8547,8606,8624,8624,8572,8605,5680,8636,8638,8610
14,8607,5664,5656,8610,8667,8547,8605,8623,8624,8571,8605,5683,8637,8637,8610
14,8607,5662,5655,8611,8668,8547,8605,8623,8625,8571,8605,5681,8636,8638,8610
14,8607,5663,5655,8610,8668,8547,8605,8621,8625,8571,8604,5683,8637,8638,8610
14,8607,5662,5658,8610,8668,8547,8605,8622,8624,8570,8605,5675,8637,8638,8609
14,8607,5664,5658,8611,8667,8547,8605,8624,8626,8570,8606,5678,8636,8638,8610
13,8607,5661,5656,8612,8667,8548,8605,8624,8624,8570,8605,5681,8635,8626,8611
13,8608,5656,5645,8614,8668,8549,8608,8626,8624,8569,8605,5672,8633,8629,8603
14,8608,5641,5623,8615,8668,8549,8607,8626,8625,8570,8606,5669,8634,8633,8603
13,8608,5641,5619,8615,8668,8548,8606,8626,8626,8571,8605,5674,8635,8635,8601
14,8608,5645,5628,8614,8668,8549,8606,8627,8624,8569,8606,5676,8635,8637,8602
13,8608,5646,5632,8615,8668,8549,8608,8626,8625,8568,8604,5675,8634,8638,8602
13,8608,5649,5636,8615,8668,8550,8607,8627,8624,8568,8605,5682,8636,8638,8602
13,8608,5649,5643,8615,8668,8549,8607,8625,8626,8571,8606,5681,8636,8638,8602
14,8608,5654,5649,8615,8668,8549,8607,8627,8623,8570,8604,5683,8636,8639,8601
14,8607,5661,5655,8615,8668,8548,8607,8626,8626,8569,8605,5678,8636,8638,8602
13,8608,5662,5656,8615,8667,8548,8607,8625,8624,8570,8605,5678,8635,8638,8602
14,8608,5662,5656,8615,8667,8548,8607,8626,8624,8571,8604,5679,8635,8637,8601
13,8608,5662,5655,8615,8667,8549,8606,8627,8624,8569,8605,5682,8636,8638,8601
13,8607,5663,5657,8614,8667,8549,8606,8627,8624,8569,8605,5676,8636,8638,8602
14,8608,5663,5657,8614,8667,8548,8606,8626,8623,8569,8604,5682,8636,8638,8601
13,8608,5661,5657,8615,8667,8548,8606,8626,8624,8568,8606,5682,8636,8638,8601
13,8607,5664,5656,8614,8667,8548,8607,8626,8625,8570,8605,5677,8637,8638,8601
14,8608,5663,5658,8615,8668,8549,8607,8628,8624,8570,8604,5684,8636,8638,8601
14,8607,5663,5659,8615,8668,8548,8607,8627,8625,8570,8603,5676,8637,8638,8601
14,8608,5663,5656,8615,8668,8549,8606,8626,8623,8570,8605,5682,8635,8638,8601
14,8607,5663,5656,8615,8667,8549,8606,8626,8621,8568,8605,5683,8636,8637,8601
14,8607,5660,5658,8614,8667,8548,8606,8625,8622,8568,8604,5678,8635,8638,8601
13,8608,5663,5658,8614,8667,8548,8607,8627,8625,8569,8603,5678,8636,8637,8601
14,8607,5660,5658,8614,8667,8548,8606,8626,8625,8568,8604,5679,8636,8637,8602
14,8607,5660,5659,8614,8667,8549,8606,8629,8624,8568,8605,5684,8636,8639,8601
14,8607,5664,5658,8614,8667,8548,8606,8626,8623,8569,8604,5680,8636,8637,8601
13,8607,5661,5654,8615,8667,8549,8606,8627,8625,8570,8604,5682,8636,8637,8601
13,8608,5662,5658,8614,8668,8549,8606,8627,8624,8569,8605,5684,8636,8637,8600
13,8607,5664,5657,8615,8668,8548,8606,8626,8624,8569,8605,5679,8636,8637,8600
13,8608,5664,5656,8615,8668,8548,8606,8625,8624,8569,8605,5684,8637,8638,8601
13,8607,5662,5659,8615,8667,8549,8606,8627,8624,8569,8606,5679,8636,8638,8602
14,8607,5663,5658,8614,8667,8549,8606,8626,8623,8569,8604,5682,8636,8638,8601
13,8607,5663,5657,8614,8667,8549,8606,8625,8624,8568,8605,5682,8635,8637,8601
13,8607,5664,5659,8614,8667,8549,8606,8626,8624,8570,8604,5682,8636,8637,8601
13,8607,5664,5660,8615,8668,8549,8606,8627,8624,8570,8605,5683,8636,8638,8601
13,8608,5664,5656,8614,8668,8549,8606,8627,8624,8569,8605,5677,8636,8638,8601
13,8607,5662,5654,8614,8668,8549,8606,8625,8623,8570,8605,5681,8636,8637,8602
14,8608,5664,5658,8615,8668,8549,8606,8626,8624,8569,8605,5678,8636,8639,8601
13,8608,5665,5654,8614,8667,8548,8606,8628,8624,8569,8603,5680,8636,8637,8602
14,8607,5663,5655,8614,8667,8547,8605,8626,8623,8568,8603,5676,8634,8636,8599
14,8606,5660,5658,8613,8666,8548,8605,8626,8623,8568,8604,5685,8635,8637,8599
14,8606,5660,5657,8612,8665,8546,8604,8625,8623,8568,8603,5678,8634,8636,8599
13,8606,5663,5655,8612,8666,8546,8605,8626,8623,8567,8602,5676,8634,8636,8599
13,8606,5661,5654,8613,8666,8547,8604,8625,8621,8567,8604,5679,8635,8635,8599
14,8605,5662,5655,8612,8665,8546,8604,8624,8621,8567,8602,5674,8635,8636,8599
14,8605,5663,5656,8612,8666,8547,8604,8625,8622,8567,8603,5676,8635,8636,8599
14,8606,5660,5653,8614,8666,8547,8605,8626,8624,8569,8606,5680,8636,8637,8601
14,8607,5661,5656,8614,8667,8548,8605,8626,8624,8568,8604,5676,8636,8638,8600
14,8608,5661,5657,8614,8667,8548,8606,8626,8624,8568,8604,5683,8637,8638,8601
13,8607,5663,5657,8613,8667,8548,8605,8626,8624,8567,8604,5679,8637,8638,8601
13,8607,5664,5654,8614,8667,8547,8605,8626,8623,8568,8604,5685,8637,8639,8601
13,8607,5663,5661,8614,8667,8548,8606,8626,8622,8568,8604,5676,8636,8638,8601
14,8606,5662,5657,8613,8668,8548,8606,8627,8624,8567,8605,5680,8636,8637,8601
13,8608,5661,5655,8614,8667,8549,8606,8628,8625,8569,8605,5686,8637,8638,8601
14,8607,5661,5659,8614,8667,8548,8606,8628,8622,8569,8603,5682,8637,8639,8601
13,8607,5662,5656,8613,8667,8548,8606,8627,8625,8569,8603,5681,8637,8639,8602
13,8608,5661,5654,8615,8668,8548,8606,8628,8624,8570,8602,5683,8637,8638,8602
13,8607,5660,5657,8615,8667,8548,8606,8627,8623,8569,8605,5680,8637,8638,8601
13,8607,5662,5658,8613,8667,8548,8605,8625,8624,8569,8605,5685,8637,8638,8601
14,8607,5663,5654,8614,8667,8548,8606,8626,8624,8570,8604,5682,8637,8637,8601
13,8607,5663,5657,8614,8667,8548,8605,8626,8622,8569,8605,5681,8637,8638,8601
14,8607,5660,5657,8614,8667,8548,8606,8627,8624,8570,8604,5677,8638,8638,8601
14,8607,5663,5655,8614,8667,8548,8606,8627,8624,8569,8605,5678,8637,8638,8601
14,8607,5662,5657,8614,8666,8548,8606,8626,8624,8569,8605,5678,8636,8637,8601
13,8607,5661,5656,8614,8667,8548,8606,8626,8623,8569,8604,5676,8636,8638,8601
13,8608,5663,5655,8614,8667,8548,8606,8626,8623,8569,8605,5676,8636,8637,8602
14,8608,5664,5656,8614,8667,8548,8606,8626,8623,8570,8606,5684,8637,8638,8601
14,8607,5663,5658,8614,8667,8548,8605,8626,8623,8569,8604,5679,8636,8637,8600
13,8607,5663,5657,8614,8667,8548,8606,8629,8624,8570,8605,5681,8637,8638,8600
14,8607,5662,5657,8614,8667,8549,8606,8626,8623,8567,8605,5683,8637,8637,8602
13,8607,5662,5656,8614,8667,8549,8606,8629,8623,8569,8606,5677,8637,8638,8601
13,8608,5659,5657,8614,8667,8548,8606,8627,8623,8570,8604,5679,8638,8639,8600
13,8607,5661,5658,8613,8667,8548,8606,8628,8624,8569,8603,5677,8637,8637,8601
13,8607,5662,5655,8614,8667,8548,8606,8627,8623,8569,8604,5681,8636,8637,8601
13,8607,5663,5659,8614,8667,8548,8606,8627,8623,8570,8605,5681,8637,8638,8602
14,8608,5661,5655,8614,8667,8548,8606,8626,8623,8569,8605,5684,8637,8638,8601
14,8607,5661,5658,8614,8667,8548,8606,8627,8624,8569,8603,5683,8637,8638,8601
14,8607,5664,5657,8614,8667,8548,8606,8627,8624,8570,8604,5681,8637,8638,8601
14,8607,5668,5668,8614,8667,8548,8606,8627,8624,8569,8604,5688,8636,8638,8601
13,8607,5675,5677,8613,8667,8548,8605,8626,8623,8569,8606,5680,8638,8638,8601
14,8607,5677,5684,8614,8667,8548,8606,8626,8622,8569,8604,5681,8636,8638,8601
13,8607,5677,5686,8613,8667,8547,8605,8624,8624,8568,8604,5682,8636,8637,8600
14,8607,5681,5694,8613,8667,8547,8605,8627,8623,8569,8604,5689,8636,8637,8600
13,8606,5690,5705,8613,8666,8547,8605,8627,8622,8567,8604,5691,8636,8637,8599
13,8606,5673,5681,8618,8666,8548,8603,8625,8624,8569,8603,5678,8638,8651,8622
13,8606,5665,5666,8614,8666,8545,8604,8626,8623,8569,8603,5683,8639,8646,8622
13,8606,5664,5661,8615,8666,8545,8604,8624,8623,8568,8604,5681,8639,8642,8621
13,8606,5662,5660,8616,8667,8546,8604,8627,8622,8569,8605,5686,8639,8641,8621
14,8606,5661,5661,8615,8667,8545,8604,8626,8621,8570,8604,5682,8638,8639,8621
14,8607,5664,5660,8616,8668,8546,8605,8626,8624,8571,8605,5680,8638,8639,8621
13,8607,5664,5657,8616,8667,8547,8604,8626,8624,8569,8604,5684,8638,8638,8621
13,8607,5661,5657,8616,8667,8546,8604,8625,8625,8571,8603,5685,8638,8639,8621
14,8607,5663,5654,8616,8667,8546,8604,8625,8623,8571,8605,5676,8638,8638,8621
13,8606,5664,5658,8616,8667,8546,8605,8625,8625,8570,8606,5683,8638,8638,8622
13,8607,5662,5658,8616,8667,8546,8604,8626,8623,8570,8604,5681,8638,8638,8621
13,8607,5663,5660,8616,8667,8547,8605,8625,8624,8570,8604,5682,8637,8638,8620
14,8606,5662,5660,8616,8667,8546,8604,8625,8621,8570,8605,5678,8637,8638,8621
14,8607,5661,5657,8616,8668,8546,8605,8627,8623,8569,8604,5685,8636,8639,8622
13,8607,5663,5657,8616,8667,8546,8604,8626,8625,8570,8606,5679,8636,8638,8621
13,8607,5664,5654,8616,8668,8546,8604,8624,8624,8569,8606,5677,8637,8638,8621
14,8607,5663,5657,8616,8667,8546,8604,8625,8623,8570,8606,5680,8637,8637,8621
14,8607,5661,5658,8616,8667,8546,8604,8627,8624,8570,8603,5677,8638,8639,8621
13,8607,5664,5658,8616,8668,8546,8604,8627,8624,8570,8605,5676,8638,8638,8621
14,8607,5664,5655,8616,8667,8546,8604,8626,8624,8569,8604,5678,8637,8637,8620
13,8606,5663,5656,8616,8667,8546,8604,8626,8624,8571,8604,5682,8637,8638,8621
13,8607,5662,5654,8616,8667,8546,8604,8624,8624,8570,8605,5677,8637,8638,8620
14,8607,5663,5656,8616,8668,8546,8604,8625,8624,8570,8604,5680,8636,8638,8620
13,8607,5661,5657,8616,8667,8546,8604,8625,8623,8570,8604,5685,8637,8638,8620
13,8607,5664,5657,8616,8667,8547,8605,8625,8625,8569,8606,5682,8637,8638,8621
14,8607,5664,5659,8616,8668,8546,8605,8628,8625,8570,8605,5679,8638,8638,8621
13,8607,5661,5655,8616,8668,8547,8604,8625,8625,8568,8605,5686,8637,8638,8620
14,8607,5663,5658,8616,8667,8546,8604,8626,8624,8570,8605,5682,8637,8639,8621
14,8607,5664,5655,8616,8667,8546,8604,8627,8624,8571,8605,5683,8636,8638,8620
14,8607,5663,5657,8616,8667,8547,8605,8626,8624,8568,8605,5681,8637,8639,8619
13,8607,5661,5658,8616,8668,8546,8604,8626,8624,8570,8606,5682,8637,8638,8621
13,8607,5662,5656,8616,8668,8547,8605,8625,8624,8570,8603,5680,8636,8633,8620
14,8607,5659,5650,8613,8667,8550,8612,8624,8626,8569,8605,5678,8634,8627,8603
13,8607,5645,5620,8614,8668,8549,8606,8627,8624,8569,8604,5666,8634,8633,8603
14,8607,5640,5623,8614,8668,8549,8606,8628,8624,8569,8605,5675,8634,8636,8602
13,8608,5644,5625,8614,8668,8549,8607,8627,8625,8570,8605,5678,8636,8637,8603
14,8608,5647,5632,8614,8668,8549,8607,8629,8624,8570,8607,5678,8635,8637,8601
13,8608,5648,5637,8614,8667,8548,8606,8627,8624,8569,8603,5676,8637,8637,8602
14,8607,5651,5642,8614,8668,8548,8607,8627,8626,8571,8605,5679,8637,8639,8602
13,8608,5659,5650,8615,8668,8549,8607,8626,8625,8569,8605,5679,8635,8638,8601
14,8608,5660,5655,8615,8668,8550,8607,8628,8626,8569,8607,5684,8636,8639,8602
14,8608,5662,5655,8615,8668,8549,8607,8627,8625,8569,8607,5683,8636,8638,8600
13,8608,5661,5653,8614,8668,8549,8607,8627,8624,8569,8605,5682,8636,8638,8601
14,8608,5663,5654,8614,8668,8548,8607,8626,8623,8570,8604,5682,8637,8638,8602
14,8608,5661,5657,8615,8668,8549,8607,8627,8624,8570,8606,5681,8637,8638,8601
13,8608,5661,5656,8615,8668,8549,8607,8627,8625,8570,8606,5679,8637,8638,8602
14,8608,5662,5656,8615,8668,8549,8607,8629,8624,8570,8606,5681,8638,8638,8601
14,8608,5662,5659,8615,8668,8549,8607,8627,8623,8571,8604,5685,8637,8639,8601
13,8609,5661,5659,8614,8668,8548,8607,8628,8625,8571,8605,5686,8637,8638,8601
13,8608,5662,5653,8615,8668,8549,8607,8627,8623,8570,8607,5680,8637,8639,8602
14,8608,5663,5655,8614,8667,8549,8607,8628,8625,8569,8606,5687,8636,8638,8601
13,8608,5664,5656,8615,8668,8548,8607,8628,8625,8569,8605,5682,8636,8639,8601
14,8608,5660,5657,8615,8668,8549,8607,8627,8625,8571,8605,5677,8637,8637,8602
14,8608,5662,5656,8615,8668,8549,8607,8626,8625,8569,8607,5678,8637,8639,8602
14,8608,5663,5658,8615,8668,8548,8607,8626,8626,8570,8605,5679,8637,8639,8601
14,8608,5664,5657,8614,8668,8549,8607,8627,8624,8571,8605,5679,8637,8639,8601
14,8608,5664,5656,8615,8668,8549,8607,8628,8627,8568,8607,5681,8637,8639,8601
13,8608,5660,5659,8615,8668,8549,8607,8627,8621,8570,8603,5682,8637,8639,8600
14,8608,5663,5658,8614,8668,8549,8607,8627,8625,8568,8604,5680,8637,8639,8601
14,8608,5660,5658,8615,8668,8549,8607,8629,8623,8570,8608,5679,8636,8638,8601
14,8608,5664,5659,8615,8668,8550,8607,8627,8625,8570,8606,5678,8637,8639,8601
13,8608,5661,5660,8615,8668,8549,8607,8627,8625,8568,8606,5681,8637,8638,8601
14,8608,5662,5656,8615,8668,8549,8607,8628,8625,8569,8607,5679,8638,8639,8601
14,8609,5664,5658,8615,8668,8550,8608,8628,8623,8570,8606,5676,8637,8638,8602
13,8608,5663,5659,8615,8668,8549,8607,8627,8624,8570,8605,5678,8638,8639,8601
13,8608,5662,5659,8615,8668,8549,8608,8628,8623,8570,8606,5686,8638,8639,8601
14,8608,5663,5659,8615,8668,8549,8607,8627,8625,8571,8605,5682,8638,8639,8601
14,8608,5663,5660,8615,8668,8549,8606,8628,8625,8570,8604,5681,8637,8638,8601
12,8608,5662,5655,8615,8668,8549,8606,8628,8624,8569,8606,5683,8638,8639,8602
13,8609,5663,5659,8615,8668,8549,8608,8628,8626,8569,8607,5678,8638,8637,8603
14,8608,5663,5656,8615,8668,8549,8607,8627,8624,8571,8607,5675,8637,8639,8601
13,8609,5660,5654,8615,8668,8549,8607,8627,8623,8570,8605,5678,8637,8639,8601
14,8608,5664,5657,8615,8668,8549,8607,8627,8625,8570,8606,5685,8636,8638,8601
14,8608,5664,5657,8614,8668,8549,8607,8627,8625,8569,8605,5685,8637,8638,8600
13,8607,5662,5655,8614,8667,8548,8607,8627,8624,8570,8605,5682,8636,8637,8600
14,8609,5664,5660,8615,8669,8549,8607,8628,8625,8570,8604,5679,8637,8638,8601
14,8608,5661,5663,8615,8668,8549,8607,8627,8624,8569,8606,5680,8636,8637,8600
13,8608,5662,5658,8614,8667,8548,8605,8626,8623,8569,8604,5682,8635,8636,8599
14,8607,5664,5660,8613,8667,8547,8606,8625,8624,8569,8605,5682,8635,8636,8599
14,8606,5663,5659,8613,8667,8547,8605,8624,8623,8569,8603,5675,8635,8635,8598
13,8607,5661,5658,8613,8667,8547,8605,8623,8623,8569,8604,5684,8634,8635,8598
13,8606,5661,5657,8613,8666,8547,8605,8625,8623,8568,8603,5680,8633,8636,8598
14,8605,5663,5655,8612,8666,8547,8605,8624,8624,8567,8603,5681,8633,8634,8597
13,8604,5661,5657,8611,8664,8545,8603,8623,8620,8567,8601,5679,8632,8634,8597
13,8604,5660,5658,8610,8663,8545,8603,8623,8621,8565,8602,5679,8631,8633,8595
14,8604,5661,5652,8608,8662,8543,8601,8618,8619,8564,8601,5679,8631,8632,8595
13,8603,5660,5655,8609,8661,8543,8600,8620,8619,8564,8599,5677,8631,8633,8594
13,8602,5660,5657,8608,8661,8542,8600,8620,8619,8564,8598,5680,8628,8631,8594
13,8600,5659,5651,8605,8659,8539,8597,8618,8615,8560,8597,5679,8625,8628,8589
13,8597,5659,5651,8603,8656,8536,8594,8614,8610,8556,8594,5681,8624,8625,8588
13,8596,5659,5655,8603,8655,8536,8594,8614,8611,8557,8592,5670,8623,8625,8587
