14,8597,5658,5653,8605,8657,8538,8597,8615,8614,8558,8594,5676,8625,8627,8590
14,8597,5659,5651,8605,8657,8538,8597,8615,8614,8560,8596,5678,8626,8626,8591
13,8597,5661,5654,8604,8657,8538,8596,8614,8612,8559,8594,5675,8625,8627,8591
13,8596,5660,5650,8605,8657,8538,8596,8614,8613,8558,8595,5677,8626,8627,8591
14,8597,5658,5652,8604,8656,8537,8596,8613,8613,8557,8595,5679,8625,8627,8591
14,8597,5658,5656,8604,8657,8537,8596,8615,8612,8559,8595,5676,8626,8627,8591
13,8596,5659,5653,8604,8657,8538,8597,8616,8614,8559,8595,5674,8626,8627,8591
13,8596,5660,5654,8605,8657,8539,8596,8615,8615,8559,8595,5677,8626,8627,8591
13,8597,5658,5655,8604,8657,8538,8596,8615,8614,8558,8593,5675,8626,8627,8591
13,8596,5660,5651,8605,8657,8538,8596,8614,8614,8558,8594,5679,8626,8626,8591
13,8596,5659,5654,8604,8656,8538,8596,8614,8614,8560,8595,5675,8626,8626,8591
13,8597,5660,5654,8604,8657,8538,8596,8615,8613,8559,8595,5672,8625,8627,8590
13,8596,5659,5650,8604,8656,8537,8596,8615,8613,8559,8595,5679,8625,8627,8591
13,8596,5658,5655,8604,8657,8538,8596,8614,8615,8558,8595,5678,8626,8627,8592
14,8596,5657,5654,8603,8657,8537,8597,8615,8615,8559,8595,5677,8625,8627,8592
14,8596,5659,5653,8604,8657,8538,8596,8614,8612,8559,8595,5677,8625,8627,8591
13,8596,5658,5661,8604,8656,8538,8596,8614,8613,8560,8593,5678,8625,8627,8590
13,8597,5666,5666,8605,8657,8538,8596,8613,8612,8559,8595,5674,8625,8627,8590
14,8596,5672,5672,8604,8656,8538,8596,8615,8614,8559,8595,5680,8625,8627,8591
13,8596,5672,5675,8604,8656,8538,8596,8614,8612,8557,8594,5685,8625,8627,8590
14,8596,5675,5680,8604,8657,8538,8597,8613,8616,8560,8595,5683,8625,8627,8591
13,8596,5677,5690,8604,8656,8537,8596,8613,8614,8559,8594,5685,8626,8627,8590
14,8596,5676,5692,8605,8656,8538,8599,8615,8615,8559,8594,5681,8625,8627,8592
14,8596,5668,5675,8601,8657,8538,8597,8614,8615,8561,8595,5679,8629,8640,8595
14,8597,5660,5656,8604,8658,8539,8597,8612,8618,8562,8596,5677,8631,8633,8595
13,8598,5660,5660,8604,8658,8538,8597,8613,8618,8564,8595,5676,8631,8632,8595
14,8597,5659,5654,8603,8658,8538,8597,8613,8617,8563,8596,5674,8630,8631,8595
14,8597,5661,5657,8603,8658,8538,8597,8612,8618,8563,8597,5680,8630,8629,8596
13,8598,5661,5654,8604,8658,8539,8597,8613,8617,8564,8597,5681,8630,8629,8595
14,8597,5658,5656,8603,8658,8538,8597,8611,8620,8564,8597,5674,8629,8630,8595
13,8597,5659,5655,8603,8659,8539,8597,8612,8619,8564,8596,5674,8629,8629,8596
13,8597,5660,5649,8603,8657,8539,8597,8613,8620,8564,8595,5684,8629,8629,8595
14,8598,5660,5657,8603,8659,8539,8598,8614,8618,8564,8596,5677,8628,8629,8595
13,8597,5661,5654,8603,8659,8539,8598,8612,8618,8562,8598,5682,8628,8629,8596
13,8597,5660,5655,8604,8659,8539,8597,8614,8619,8563,8596,5678,8628,8629,8596
14,8598,5659,5655,8603,8659,8539,8598,8613,8618,8564,8596,5675,8629,8628,8595
14,8598,5661,5652,8604,8658,8539,8598,8613,8620,8563,8597,5681,8628,8629,8596
13,8597,5662,5655,8603,8658,8539,8598,8613,8618,8564,8597,5671,8628,8628,8596
14,8598,5659,5652,8603,8659,8539,8598,8613,8619,8564,8597,5682,8629,8629,8596
14,8598,5662,5658,8603,8659,8539,8598,8613,8618,8562,8596,5674,8628,8628,8596
13,8598,5658,5655,8603,8658,8539,8598,8613,8617,8565,8597,5677,8628,8628,8595
14,8598,5659,5656,8603,8659,8538,8598,8614,8618,8564,8598,5682,8627,8630,8595
14,8597,5662,5652,8603,8658,8539,8598,8612,8618,8563,8596,5676,8628,8628,8596
13,8598,5661,5653,8603,8659,8538,8597,8613,8618,8565,8595,5676,8627,8629,8596
13,8598,5661,5653,8604,8658,8539,8598,8615,8619,8564,8597,5675,8628,8630,8596
13,8598,5659,5650,8603,8658,8539,8598,8612,8618,8564,8596,5671,8629,8630,8595
14,8598,5658,5653,8604,8659,8539,8598,8614,8618,8562,8597,5675,8627,8628,8598
14,8598,5657,5649,8610,8658,8541,8596,8613,8617,8562,8597,5672,8623,8617,8594
14,8597,5646,5631,8604,8658,8537,8597,8614,8614,8559,8596,5665,8622,8621,8592
14,8597,5640,5619,8605,8657,8538,8597,8614,8613,8559,8595,5665,8623,8624,8592
14,8598,5639,5620,8606,8658,8539,8598,8615,8612,8561,8596,5672,8623,8626,8592
13,8598,5639,5627,8605,8658,8539,8598,8615,8613,8559,8596,5677,8623,8627,8591
13,8598,5642,5632,8605,8658,8539,8597,8615,8613,8560,8596,5675,8625,8627,8592
14,8597,5644,5629,8606,8658,8539,8597,8617,8612,8559,8596,5673,8624,8629,8592
13,8598,5651,5640,8605,8657,8538,8597,8615,8612,8560,8595,5674,8625,8628,8592
13,8597,5659,5651,8605,8657,8539,8597,8614,8613,8560,8596,5674,8625,8627,8591
14,8597,5655,5652,8605,8657,8539,8597,8615,8613,8559,8596,5676,8625,8628,8591
14,8597,5659,5650,8605,8657,8538,8597,8616,8612,8559,8596,5676,8625,8628,8591
14,8597,5656,5648,8605,8657,8539,8597,8614,8615,8561,8595,5679,8625,8627,8592
14,8597,5657,5651,8605,8657,8539,8597,8617,8613,8559,8594,5677,8625,8627,8591
13,8597,5660,5653,8605,8658,8539,8597,8615,8613,8559,8594,5672,8625,8627,8591
13,8598,5658,5652,8605,8657,8539,8597,8615,8613,8559,8597,5673,8626,8627,8591
13,8598,5659,5651,8604,8657,8539,8597,8615,8613,8558,8596,5677,8625,8627,8592
14,8598,5657,5653,8605,8658,8539,8597,8616,8614,8559,8595,5680,8626,8628,8591
13,8597,5660,5652,8604,8657,8539,8597,8614,8613,8560,8595,5678,8625,8627,8592
14,8597,5659,5656,8605,8657,8539,8597,8615,8613,8559,8594,5679,8625,8627,8591
14,8598,5659,5652,8605,8658,8539,8598,8617,8613,8559,8596,5674,8626,8628,8591
13,8597,5660,5653,8605,8658,8539,8598,8616,8614,8559,8596,5677,8626,8628,8591
13,8598,5658,5652,8605,8658,8539,8597,8616,8612,8559,8596,5681,8626,8627,8591
13,8598,5660,5653,8605,8657,8539,8597,8614,8613,8560,8595,5677,8624,8627,8591
13,8597,5660,5654,8605,8658,8539,8597,8614,8614,8559,8594,5674,8625,8629,8592
14,8598,5659,5653,8605,8658,8539,8597,8616,8613,8561,8594,5683,8626,8628,8591
13,8598,5658,5653,8605,8658,8539,8598,8616,8614,8558,8595,5676,8627,8627,8591
14,8599,5660,5651,8605,8658,8539,8598,8616,8615,8560,8596,5674,8627,8628,8592
14,8598,5659,5656,8605,8657,8539,8597,8616,8615,8560,8597,5676,8626,8627,8591
13,8598,5659,5650,8605,8658,8539,8598,8615,8612,8559,8596,5677,8625,8627,8592
14,8597,5661,5654,8605,8658,8539,8598,8615,8616,8559,8596,5673,8626,8627,8592
14,8597,5659,5652,8605,8657,8539,8597,8616,8614,8561,8594,5675,8627,8628,8592
13,8598,5655,5655,8604,8658,8538,8597,8615,8614,8559,8595,5678,8625,8627,8591
13,8598,5659,5652,8605,8657,8538,8597,8615,8614,8560,8597,5678,8627,8627,8592
13,8598,5658,5654,8605,8658,8539,8598,8616,8615,8561,8594,5677,8626,8628,8592
13,8599,5662,5658,8607,8659,8541,8599,8618,8616,8562,8598,5678,8628,8630,8593
14,8600,5659,5653,8608,8660,8542,8600,8618,8617,8563,8599,5678,8629,8632,8596
14,8602,5663,5655,8610,8662,8544,8602,8621,8620,8565,8599,5676,8632,8632,8597
13,8604,5660,5658,8611,8663,8545,8604,8621,8621,8566,8602,5668,8632,8634,8598
14,8605,5661,5653,8611,8664,8545,8604,8622,8620,8567,8602,5678,8633,8635,8598
14,8604,5660,5655,8612,8664,8546,8604,8623,8620,8566,8601,5674,8633,8634,8598
14,8605,5662,5657,8611,8664,8546,8604,8622,8621,8566,8602,5679,8633,8635,8598
13,8605,5661,5653,8612,8665,8545,8605,8624,8622,8567,8603,5679,8634,8634,8598
13,8605,5664,5659,8612,8665,8546,8605,8623,8624,8567,8603,5680,8633,8635,8599
13,8605,5660,5659,8612,8664,8546,8605,8623,8621,8567,8603,5678,8633,8634,8598
13,8605,5664,5654,8612,8665,8546,8605,8623,8622,8567,8603,5681,8634,8634,8599
13,8604,5661,5650,8612,8665,8546,8605,8623,8624,8567,8603,5678,8632,8634,8599
13,8605,5663,5658,8612,8665,8546,8604,8622,8623,8567,8603,5678,8633,8634,8598
14,8605,5661,5652,8612,8665,8546,8604,8623,8621,8567,8602,5679,8633,8634,8599
13,8605,5663,5660,8612,8665,8546,8605,8624,8620,8565,8602,5677,8633,8634,8598
13,8605,5663,5657,8612,8664,8546,8604,8624,8621,8567,8602,5677,8633,8634,8599
13,8605,5660,5658,8612,8665,8546,8604,8624,8622,8570,8603,5677,8633,8634,8599
14,8605,5663,5655,8612,8665,8546,8605,8624,8623,8567,8603,5679,8632,8635,8599
13,8605,5660,5656,8612,8664,8546,8604,8623,8621,8568,8603,5676,8633,8635,8598
13,8605,5659,5658,8612,8664,8546,8604,8623,8622,8567,8603,5677,8633,8635,8599
13,8605,5661,5656,8612,8664,8546,8605,8624,8622,8568,8602,5672,8632,8634,8598
13,8605,5661,5658,8612,8665,8546,8604,8624,8621,8568,8602,5682,8632,8636,8599
14,8605,5661,5656,8612,8665,8546,8605,8623,8624,8567,8603,5673,8634,8635,8599
14,8605,5662,5658,8612,8665,8545,8604,8625,8622,8568,8602,5681,8633,8634,8600
14,8605,5663,5658,8612,8665,8546,8605,8621,8622,8568,8602,5675,8634,8635,8599
13,8605,5659,5660,8613,8665,8546,8605,8623,8623,8569,8603,5678,8633,8634,8599
14,8605,5662,5654,8612,8665,8546,8604,8622,8622,8567,8604,5677,8633,8635,8600
14,8605,5661,5658,8612,8665,8546,8604,8623,8622,8568,8603,5680,8633,8634,8599
14,8605,5666,5666,8612,8665,8547,8605,8623,8622,8568,8603,5678,8634,8635,8599
14,8606,5673,5677,8613,8666,8546,8605,8625,8623,8567,8603,5679,8634,8635,8600
13,8605,5676,5680,8613,8665,8546,8605,8625,8622,8569,8604,5684,8633,8635,8599
13,8605,5678,5685,8612,8665,8546,8605,8623,8622,8567,8603,5682,8633,8635,8599
14,8605,5679,5693,8613,8665,8546,8605,8622,8620,8567,8603,5679,8633,8635,8599
13,8605,5679,5695,8613,8665,8546,8605,8622,8622,8567,8602,5690,8633,8634,8599
14,8607,5678,5691,8613,8665,8548,8607,8624,8622,8567,8602,5684,8633,8634,8601
13,8603,5666,5672,8609,8665,8543,8604,8624,8626,8570,8603,5678,8635,8641,8609
14,8604,5663,5662,8608,8665,8544,8604,8624,8624,8570,8604,5680,8635,8639,8608
14,8605,5663,5664,8608,8665,8544,8604,8624,8625,8569,8604,5681,8635,8637,8609
13,8605,5663,5661,8609,8665,8544,8605,8623,8625,8571,8604,5680,8635,8637,8609
13,8604,5664,5657,8609,8666,8544,8604,8622,8624,8570,8604,5681,8636,8636,8610
14,8605,5663,5662,8609,8665,8544,8605,8622,8625,8570,8604,5676,8635,8636,8609
14,8605,5663,5659,8609,8666,8544,8605,8625,8626,8570,8605,5682,8636,8636,8610
13,8605,5664,5657,8609,8665,8545,8605,8624,8626,8570,8604,5677,8634,8636,8610
14,8605,5662,5658,8609,8666,8544,8604,8625,8626,8570,8605,5678,8635,8636,8609
14,8605,5664,5661,8609,8666,8544,8605,8623,8626,8568,8605,5682,8635,8635,8610
13,8605,5664,5653,8609,8666,8544,8605,8624,8625,8571,8603,5682,8634,8635,8610
13,8605,5661,5656,8609,8666,8545,8605,8626,8622,8571,8603,5679,8634,8635,8609
13,8605,5661,5657,8609,8665,8544,8605,8624,8625,8570,8604,5677,8634,8636,8609
14,8605,5662,5652,8609,8666,8544,8604,8625,8624,8572,8604,5685,8635,8636,8609
14,8605,5663,5657,8609,8666,8544,8604,8624,8626,8570,8602,5679,8634,8636,8609
13,8606,5663,5658,8609,8666,8544,8605,8623,8625,8569,8603,5679,8634,8636,8609
13,8605,5664,5654,8609,8665,8545,8604,8625,8625,8570,8603,5684,8635,8636,8609
13,8605,5663,5656,8609,8665,8544,8604,8625,8627,8570,8603,5674,8635,8636,8609
13,8605,5663,5659,8609,8665,8544,8604,8625,8625,8570,8603,5680,8634,8636,8608
13,8605,5664,5656,8609,8666,8544,8605,8624,8625,8569,8604,5675,8634,8635,8609
14,8604,5662,5654,8609,8665,8544,8604,8624,8627,8570,8604,5673,8634,8635,8609
14,8605,5661,5657,8609,8666,8544,8604,8625,8625,8570,8603,5679,8634,8636,8609
13,8605,5663,5652,8610,8666,8545,8605,8623,8624,8570,8602,5676,8635,8635,8610
14,8605,5664,5659,8609,8666,8545,8604,8624,8626,8570,8604,5675,8635,8629,8608
13,8610,5660,5648,8610,8665,8546,8608,8624,8621,8567,8604,5676,8632,8631,8601
14,8606,5645,5625,8612,8665,8546,8605,8621,8623,8568,8603,5667,8632,8632,8600
13,8606,5644,5621,8613,8665,8547,8605,8624,8621,8567,8604,5665,8633,8632,8599
14,8605,5641,5626,8612,8665,8546,8605,8624,8622,8568,8604,5673,8632,8635,8599
14,8605,5645,5631,8612,8665,8546,8605,8625,8621,8568,8603,5669,8633,8634,8600
13,8605,5647,5634,8612,8665,8547,8605,8626,8620,8568,8603,5676,8634,8634,8599
13,8605,5649,5640,8612,8664,8545,8604,8624,8619,8566,8602,5680,8633,8635,8599
14,8605,5656,5649,8612,8665,8546,8605,8623,8623,8567,8604,5681,8633,8635,8599
13,8605,5663,5654,8612,8664,8546,8604,8622,8619,8565,8602,5681,8633,8635,8599
14,8605,5661,5655,8612,8664,8546,8604,8623,8620,8568,8603,5676,8633,8635,8599
14,8605,5661,5656,8611,8664,8546,8604,8624,8621,8567,8603,5678,8632,8634,8599
13,8605,5663,5654,8612,8664,8545,8604,8623,8621,8568,8603,5676,8632,8634,8598
14,8605,5660,5658,8612,8664,8546,8604,8622,8621,8567,8603,5683,8632,8634,8599
13,8605,5659,5652,8611,8664,8545,8604,8623,8620,8566,8602,5679,8632,8634,8598
14,8605,5661,5656,8612,8664,8545,8604,8623,8620,8566,8601,5682,8632,8634,8598
14,8605,5661,5658,8612,8664,8545,8604,8622,8622,8565,8602,5681,8634,8634,8598
13,8605,5662,5657,8612,8665,8545,8604,8624,8620,8566,8603,5679,8633,8634,8598
13,8605,5663,5658,8612,8664,8545,8604,8622,8621,8566,8601,5678,8633,8634,8599
14,8605,5662,5658,8612,8664,8546,8603,8623,8621,8567,8602,5677,8632,8635,8599
13,8605,5662,5656,8612,8664,8545,8604,8623,8621,8567,8603,5680,8634,8635,8599
13,8604,5662,5657,8612,8664,8546,8604,8623,8620,8566,8603,5680,8632,8635,8598
14,8605,5661,5657,8612,8664,8546,8604,8624,8621,8565,8603,5675,8633,8635,8599
13,8605,5663,5658,8612,8665,8546,8604,8621,8621,8567,8602,5678,8633,8634,8599
13,8605,5663,5654,8612,8664,8546,8604,8621,8621,8566,8603,5675,8633,8634,8598
13,8605,5661,5655,8612,8664,8546,8604,8623,8620,8566,8601,5683,8633,8634,8599
13,8605,5662,5657,8612,8665,8546,8604,8624,8621,8566,8602,5674,8633,8634,8599
14,8605,5662,5655,8612,8665,8546,8604,8623,8621,8568,8602,5678,8633,8635,8599
14,8605,5663,5657,8612,8665,8546,8604,8623,8621,8567,8603,5675,8633,8634,8600
14,8605,5663,5657,8613,8664,8546,8604,8624,8622,8566,8603,5680,8633,8635,8599
14,8605,5661,5656,8612,8664,8545,8604,8623,8621,8567,8602,5673,8633,8635,8598
13,8604,5662,5657,8612,8664,8546,8604,8623,8622,8569,8601,5681,8633,8634,8599
13,8605,5661,5655,8612,8664,8546,8604,8624,8621,8568,8602,5681,8633,8635,8599
14,8606,5661,5660,8613,8665,8547,8605,8625,8624,8568,8604,5676,8635,8634,8599
13,8607,5664,5658,8614,8666,8548,8606,8624,8623,8568,8604,5677,8635,8636,8601
13,8607,5662,5659,8614,8666,8548,8606,8626,8623,8567,8605,5682,8634,8636,8600
13,8607,5663,5658,8614,8666,8547,8606,8625,8624,8566,8604,5679,8635,8637,8601
13,8606,5662,5658,8613,8666,8547,8606,8624,8623,8568,8604,5679,8635,8636,8599
13,8606,5661,5656,8614,8666,8548,8606,8625,8622,8566,8604,5672,8635,8636,8600
13,8607,5662,5653,8614,8667,8548,8606,8624,8624,8569,8604,5677,8635,8636,8601
13,8607,5663,5656,8614,8666,8548,8606,8624,8623,8568,8603,5681,8634,8636,8600
14,8606,5663,5657,8615,8667,8548,8607,8623,8623,8568,8604,5680,8636,8636,8599
13,8606,5664,5659,8615,8667,8548,8607,8625,8622,8568,8604,5680,8635,8637,8600
13,8607,5661,5657,8614,8667,8549,8607,8625,8622,8568,8604,5681,8636,8637,8601
14,8607,5662,5656,8615,8667,8548,8607,8626,8623,8568,8604,5677,8635,8636,8601
14,8607,5661,5654,8614,8667,8548,8607,8625,8623,8568,8603,5676,8636,8636,8601
13,8607,5664,5654,8615,8667,8548,8607,8625,8625,8568,8604,5680,8636,8637,8601
14,8606,5663,5658,8615,8667,8549,8607,8625,8626,8569,8604,5685,8636,8637,8601
14,8607,5663,5653,8614,8667,8548,8607,8625,8624,8568,8604,5676,8635,8637,8601
14,8606,5663,5657,8614,8667,8548,8607,8626,8622,8569,8603,5681,8636,8637,8601
13,8606,5663,5656,8615,8667,8548,8607,8626,8622,8568,8603,5680,8636,8637,8600
13,8606,5663,5659,8614,8668,8548,8606,8625,8624,8569,8604,5684,8635,8637,8602
14,8607,5663,5660,8614,8667,8548,8606,8624,8623,8568,8604,5679,8636,8636,8601
13,8606,5663,5657,8615,8667,8549,8607,8625,8623,8569,8603,5681,8635,8637,8601
13,8606,5663,5658,8614,8667,8548,8607,8625,8624,8568,8604,5680,8636,8637,8600
14,8606,5661,5655,8615,8667,8548,8607,8624,8623,8568,8603,5679,8635,8636,8601
14,8607,5663,5657,8614,8666,8548,8606,8627,8623,8568,8604,5679,8635,8637,8601
13,8606,5661,5659,8614,8667,8548,8607,8625,8622,8568,8604,5676,8635,8637,8600
14,8606,5663,5658,8615,8667,8549,8607,8626,8622,8567,8604,5682,8636,8636,8601
13,8606,5663,5658,8615,8667,8549,8606,8626,8622,8568,8604,5684,8636,8637,8602
14,8606,5660,5655,8615,8667,8548,8606,8625,8623,8568,8603,5677,8636,8637,8601
14,8607,5664,5656,8615,8667,8548,8607,8625,8623,8569,8604,5683,8635,8638,8601
13,8606,5661,5656,8615,8667,8548,8607,8625,8623,8568,8603,5681,8635,8636,8601
14,8607,5666,5670,8614,8667,8548,8607,8625,8623,8570,8603,5677,8635,8636,8600
14,8607,5675,5676,8615,8667,8548,8607,8625,8622,8569,8604,5680,8634,8637,8601
13,8607,5677,5679,8615,8667,8548,8606,8625,8623,8568,8605,5683,8636,8636,8602
13,8607,5676,5688,8614,8667,8548,8607,8626,8622,8569,8604,5682,8635,8637,8600
14,8606,5680,5695,8614,8667,8548,8606,8625,8622,8569,8603,5682,8635,8636,8600
13,8606,5684,5700,8614,8666,8548,8606,8624,8622,8568,8601,5689,8635,8636,8600
14,8610,5677,5685,8614,8667,8548,8605,8627,8623,8570,8603,5683,8636,8645,8612
13,8607,5667,5664,8611,8667,8547,8607,8625,8627,8570,8604,5683,8639,8646,8611
14,8606,5663,5662,8611,8667,8547,8607,8623,8626,8569,8605,5674,8638,8642,8611
13,8606,5661,5663,8611,8668,8547,8607,8624,8626,8571,8605,5679,8639,8641,8611
13,8607,5664,5658,8612,8668,8547,8607,8624,8627,8573,8603,5686,8639,8640,8612
13,8607,5661,5657,8612,8668,8548,8607,8625,8627,8571,8605,5683,8638,8639,8612
14,8606,5662,5659,8611,8667,8547,8607,8624,8626,8571,8605,5681,8639,8638,8611
13,8607,5664,5657,8611,8668,8547,8607,8625,8627,8570,8604,5683,8637,8638,8612
14,8607,5663,5659,8612,8668,8548,8607,8625,8625,8571,8604,5680,8638,8638,8611
14,8606,5661,5657,8611,8668,8548,8607,8624,8626,8572,8605,5680,8638,8638,8611
14,8607,5663,5658,8611,8668,8547,8606,8624,8627,8570,8605,5682,8638,8637,8612
13,8606,5663,5656,8612,8667,8548,8607,8624,8625,8570,8606,5677,8638,8638,8611
14,8607,5664,5660,8612,8668,8547,8606,8624,8626,8573,8604,5681,8637,8638,8611
13,8608,5663,5656,8611,8668,8547,8606,8625,8626,8571,8603,5678,8637,8637,8611
14,8607,5661,5658,8611,8668,8548,8607,8625,8626,8570,8606,5684,8638,8638,8612
14,8607,5662,5658,8612,8668,8548,8607,8625,8627,8571,8605,5679,8637,8638,8612
13,8607,5662,5657,8612,8668,8547,8607,8625,8625,8571,8604,5678,8637,8637,8611
13,8606,5662,5654,8612,8668,8548,8607,8625,8626,8571,8604,5680,8637,8638,8611
13,8607,5663,5655,8612,8668,8548,8606,8625,8627,8571,8605,5678,8637,8638,8611
13,8607,5661,5657,8612,8668,8548,8607,8624,8626,8572,8606,5677,8637,8637,8612
13,8607,5665,5653,8612,8668,8547,8607,8623,8627,8570,8605,5685,8638,8638,8612
14,8607,5661,5655,8612,8668,8548,8606,8624,8624,8571,8605,5677,8637,8637,8612
14,8607,5662,5655,8612,8668,8548,8607,8625,8626,8570,8604,5677,8637,8638,8611
14,8606,5665,5656,8612,8668,8547,8607,8626,8626,8572,8607,5676,8637,8639,8612
13,8606,5662,5657,8613,8667,8548,8606,8626,8623,8571,8604,5683,8635,8624,8604
13,8608,5651,5641,8615,8668,8550,8608,8625,8622,8569,8604,5676,8634,8631,8603
13,8608,5642,5622,8615,8668,8549,8608,8626,8622,8569,8605,5668,8634,8634,8603
13,8607,5643,5620,8615,8668,8549,8608,8625,8623,8569,8606,5672,8635,8637,8603
13,8607,5644,5629,8616,8669,8550,8608,8627,8622,8570,8604,5675,8634,8637,8602
13,8608,5646,5632,8615,8668,8549,8608,8625,8622,8568,8605,5678,8636,8637,8602
14,8607,5648,5634,8616,8668,8549,8608,8626,8623,8571,8606,5678,8635,8638,8603
14,8608,5653,5642,8616,8668,8550,8608,8626,8624,8570,8604,5673,8636,8638,8603
13,8608,5661,5651,8616,8668,8550,8609,8626,8624,8570,8606,5680,8636,8638,8602
13,8607,5662,5655,8616,8668,8550,8608,8625,8622,8569,8607,5677,8635,8638,8602
13,8608,5660,5656,8616,8668,8549,8607,8625,8623,8569,8605,5677,8636,8638,8602
13,8607,5663,5659,8616,8668,8549,8608,8626,8623,8569,8604,5677,8636,8637,8602
14,8608,5662,5656,8615,8668,8549,8607,8625,8624,8570,8604,5675,8636,8638,8601
13,8608,5663,5656,8616,8668,8550,8608,8625,8623,8568,8604,5680,8636,8637,8602
14,8608,5663,5654,8615,8668,8549,8607,8625,8624,8569,8605,5680,8636,8637,8602
14,8608,5663,5656,8616,8668,8549,8608,8627,8621,8569,8605,5674,8636,8638,8602
13,8608,5664,5657,8616,8668,8550,8608,8625,8623,8570,8604,5684,8636,8638,8602
14,8607,5663,5659,8616,8669,8549,8608,8627,8623,8569,8606,5673,8636,8637,8601
14,8607,5663,5653,8616,8668,8550,8608,8627,8624,8568,8605,5679,8637,8638,8602
14,8607,5660,5658,8616,8668,8549,8607,8627,8623,8569,8604,5675,8636,8638,8602
13,8607,5661,5659,8615,8668,8549,8608,8626,8625,8570,8604,5678,8637,8637,8602
13,8607,5663,5656,8616,8668,8549,8608,8625,8622,8568,8605,5682,8636,8637,8602
13,8608,5664,5657,8616,8668,8549,8608,8626,8621,8570,8606,5677,8636,8637,8602
13,8607,5661,5656,8616,8668,8549,8608,8626,8622,8569,8605,5681,8637,8638,8602
14,8608,5663,5658,8615,8668,8549,8608,8626,8624,8568,8605,5677,8637,8637,8602
13,8607,5664,5659,8616,8668,8549,8608,8628,8622,8569,8606,5679,8636,8638,8602
13,8607,5663,5655,8615,8668,8549,8607,8626,8625,8571,8605,5679,8636,8637,8602
14,8607,5662,5657,8615,8668,8549,8608,8626,8626,8570,8605,5680,8637,8638,8602
13,8607,5663,5656,8616,8668,8549,8608,8628,8622,8569,8604,5677,8636,8637,8603
14,8607,5663,5658,8616,8668,8550,8608,8625,8624,8569,8605,5680,8636,8639,8602
13,8608,5661,5654,8616,8669,8549,8608,8625,8623,8569,8605,5676,8637,8637,8601
13,8607,5664,5654,8615,8668,8549,8607,8624,8623,8569,8605,5679,8636,8638,8602
13,8606,5663,5659,8613,8666,8547,8606,8624,8622,8567,8602,5673,8634,8637,8599
14,8605,5661,5657,8613,8666,8546,8605,8623,8621,8566,8602,5680,8633,8635,8601
13,8605,5663,5652,8614,8666,8547,8606,8625,8622,8567,8604,5678,8635,8636,8600
14,8605,5661,5656,8614,8666,8548,8606,8624,8623,8568,8603,5672,8635,8636,8600
13,8606,5661,5657,8614,8666,8548,8607,8624,8624,8568,8604,5682,8636,8636,8600
13,8606,5661,5654,8614,8666,8548,8607,8626,8625,8569,8604,5677,8636,8636,8601
13,8607,5662,5659,8615,8667,8548,8607,8625,8622,8568,8603,5672,8634,8638,8600
14,8607,5664,5659,8614,8667,8548,8607,8625,8623,8568,8604,5679,8636,8637,8601
14,8607,5663,5657,8614,8667,8548,8607,8625,8624,8568,8604,5680,8636,8638,8601
14,8607,5664,5656,8614,8667,8548,8606,8626,8622,8568,8604,5679,8636,8636,8600
13,8607,5664,5657,8614,8667,8548,8607,8625,8623,8570,8603,5683,8636,8637,8600
14,8607,5664,5656,8615,8667,8548,8606,8626,8623,8571,8604,5682,8636,8637,8601
13,8607,5663,5652,8614,8667,8548,8607,8626,8623,8568,8605,5678,8636,8638,8600
14,8608,5661,5655,8615,8668,8549,8607,8626,8624,8570,8605,5678,8636,8638,8601
14,8607,5663,5659,8615,8668,8549,8607,8626,8623,8569,8605,5677,8637,8637,8601
13,8607,5663,5655,8616,8667,8549,8607,8625,8625,8569,8605,5678,8637,8638,8602
13,8606,5663,5656,8615,8668,8548,8608,8627,8621,8570,8604,5682,8636,8638,8601
13,8607,5663,5657,8615,8667,8548,8607,8623,8623,8569,8605,5677,8636,8637,8601
14,8607,5663,5656,8615,8668,8549,8606,8626,8623,8569,8605,5679,8636,8638,8601
13,8607,5661,5656,8615,8668,8549,8607,8628,8624,8570,8604,5671,8637,8638,8601
13,8607,5664,5655,8615,8667,8549,8608,8627,8624,8569,8604,5679,8637,8637,8602
14,8607,5663,5658,8615,8668,8549,8607,8627,8623,8570,8605,5680,8636,8637,8602
14,8607,5663,5658,8615,8668,8548,8607,8625,8624,8569,8602,5679,8636,8638,8602
14,8607,5661,5655,8615,8667,8549,8607,8625,8623,8568,8604,5679,8636,8638,8601
13,8607,5659,5654,8615,8668,8549,8607,8625,8623,8568,8605,5679,8636,8637,8602
14,8607,5663,5660,8615,8667,8549,8607,8624,8623,8569,8604,5674,8636,8638,8602
13,8607,5663,5657,8615,8667,8549,8607,8625,8624,8569,8604,5677,8635,8637,8602
13,8607,5659,5658,8615,8667,8548,8607,8626,8625,8569,8605,5678,8636,8637,8601
13,8607,5663,5657,8615,8667,8549,8607,8625,8623,8570,8605,5678,8636,8638,8601
14,8607,5664,5654,8615,8668,8549,8608,8628,8624,8569,8605,5680,8636,8637,8601
13,8606,5664,5658,8615,8667,8549,8607,8625,8625,8568,8601,5682,8636,8637,8602
13,8607,5669,5673,8616,8667,8549,8607,8626,8623,8569,8603,5679,8636,8637,8602
13,8607,5675,5677,8615,8668,8549,8607,8623,8625,8569,8604,5686,8636,8638,8602
14,8607,5677,5681,8614,8668,8549,8607,8626,8623,8568,8603,5686,8636,8637,8601
14,8607,5678,5690,8614,8667,8548,8607,8625,8624,8568,8604,5683,8635,8636,8601
14,8606,5684,5697,8614,8666,8547,8606,8624,8622,8567,8604,5687,8634,8636,8600
14,8605,5688,5709,8613,8666,8547,8605,8625,8622,8567,8602,5691,8635,8636,8600
13,8611,5668,5675,8612,8666,8546,8603,8625,8623,8568,8603,5683,8636,8637,8606
13,8604,5665,5666,8612,8667,8545,8605,8628,8625,8570,8604,5678,8637,8637,8607
14,8604,5663,5657,8612,8667,8545,8606,8628,8625,8570,8605,5684,8637,8638,8608
13,8605,5663,5659,8612,8667,8546,8606,8627,8626,8570,8605,5681,8636,8637,8608
13,8605,5664,5662,8613,8667,8546,8605,8630,8627,8569,8603,5679,8637,8637,8607
13,8604,5665,5659,8612,8667,8546,8605,8626,8626,8570,8605,5679,8636,8638,8608
14,8605,5663,5659,8613,8667,8546,8605,8628,8626,8570,8604,5678,8636,8638,8608
14,8605,5661,5659,8613,8668,8546,8606,8628,8625,8571,8605,5682,8637,8638,8609
14,8605,5663,5658,8613,8667,8546,8606,8628,8627,8571,8605,5682,8636,8638,8607
14,8605,5662,5658,8613,8667,8547,8606,8628,8627,8571,8605,5676,8637,8638,8606
14,8605,5660,5656,8613,8668,8546,8605,8630,8626,8570,8605,5680,8637,8637,8607
14,8605,5662,5655,8613,8668,8546,8606,8630,8626,8570,8606,5679,8636,8638,8607
14,8606,5661,5657,8613,8667,8547,8606,8628,8627,8572,8605,5680,8637,8638,8609
14,8606,5663,5660,8613,8668,8547,8607,8629,8626,8570,8605,5675,8637,8639,8608
14,8606,5663,5658,8613,8668,8547,8606,8628,8627,8570,8605,5678,8637,8638,8608
14,8605,5662,5657,8613,8667,8546,8606,8626,8625,8570,8605,5678,8637,8637,8608
14,8606,5662,5659,8613,8668,8547,8606,8629,8627,8570,8605,5678,8636,8637,8607
13,8606,5663,5657,8612,8667,8546,8606,8629,8627,8570,8606,5679,8636,8637,8608
14,8605,5662,5656,8613,8668,8546,8606,8628,8626,8570,8604,5678,8636,8637,8608
13,8605,5664,5657,8613,8667,8546,8606,8629,8625,8569,8604,5680,8637,8637,8608
13,8605,5663,5657,8613,8667,8546,8606,8631,8628,8570,8605,5683,8636,8637,8607
14,8605,5663,5659,8613,8667,8546,8606,8629,8626,8570,8605,5679,8636,8637,8608
14,8605,5663,5659,8613,8668,8546,8606,8628,8626,8570,8605,5684,8636,8638,8607
14,8606,5664,5657,8613,8667,8546,8606,8626,8626,8569,8606,5681,8636,8637,8608
14,8610,5661,5652,8613,8667,8547,8607,8624,8624,8570,8604,5676,8635,8635,8602
14,8606,5650,5633,8614,8668,8549,8607,8627,8623,8569,8605,5674,8635,8637,8602
14,8608,5641,5623,8614,8668,8549,8608,8623,8623,8569,8606,5672,8637,8638,8602
13,8608,5646,5625,8615,8668,8550,8608,8626,8624,8570,8607,5676,8637,8637,8602
14,8608,5647,5634,8616,8668,8549,8608,8626,8623,8570,8606,5677,8636,8638,8602
14,8607,5647,5636,8616,8668,8550,8609,8627,8625,8570,8606,5673,8637,8639,8602
14,8607,5652,5639,8616,8668,8550,8608,8627,8625,8569,8606,5681,8637,8638,8602
14,8608,5655,5648,8615,8668,8550,8607,8627,8624,8569,8606,5680,8636,8639,8602
14,8608,5659,5653,8616,8668,8550,8609,8626,8623,8570,8606,5679,8637,8638,8602
14,8608,5663,5653,8616,8668,8550,8608,8627,8624,8570,8607,5674,8637,8639,8603
13,8608,5664,5657,8615,8668,8549,8608,8627,8624,8568,8605,5679,8637,8638,8602
13,8608,5660,5655,8615,8668,8549,8608,8626,8624,8571,8604,5683,8636,8638,8602
14,8608,5662,5657,8615,8668,8549,8607,8627,8621,8570,8605,5676,8637,8637,8601
14,8607,5662,5657,8616,8668,8550,8608,8627,8624,8570,8606,5678,8637,8638,8601
13,8608,5663,5659,8615,8668,8549,8608,8626,8624,8569,8605,5681,8637,8637,8602
14,8608,5661,5658,8615,8668,8549,8608,8626,8624,8570,8606,5681,8637,8638,8602
14,8608,5665,5657,8615,8668,8549,8608,8627,8624,8570,8606,5681,8636,8639,8602
13,8608,5663,5658,8615,8668,8549,8608,8625,8622,8571,8607,5678,8637,8638,8603
13,8608,5663,5656,8615,8668,8549,8607,8627,8625,8569,8606,5681,8637,8638,8602
14,8607,5664,5657,8615,8668,8549,8608,8626,8622,8569,8606,5678,8637,8637,8601
14,8607,5665,5656,8615,8668,8550,8608,8626,8624,8569,8604,5678,8637,8638,8601
14,8607,5663,5658,8615,8668,8550,8608,8626,8624,8569,8605,5677,8637,8638,8601
15,8607,5665,5657,8615,8668,8549,8608,8626,8624,8566,8606,5678,8636,8638,8601
14,8608,5662,5657,8615,8668,8549,8608,8624,8623,8569,8605,5681,8636,8639,8602
13,8607,5664,5657,8615,8668,8549,8608,8625,8623,8570,8606,5683,8637,8638,8601
13,8608,5662,5655,8615,8668,8549,8607,8628,8623,8569,8605,5678,8637,8638,8602
13,8607,5661,5657,8615,8668,8549,8608,8626,8624,8568,8604,5676,8637,8638,8602
13,8607,5664,5658,8615,8668,8549,8607,8626,8623,8568,8605,5676,8636,8637,8601
13,8608,5664,5659,8616,8668,8549,8608,8626,8625,8571,8606,5681,8637,8638,8602
13,8608,5664,5658,8615,8668,8550,8607,8626,8625,8570,8606,5677,8636,8638,8602
14,8607,5662,5657,8615,8668,8550,8607,8627,8624,8568,8606,5675,8636,8638,8602
14,8607,5663,5658,8616,8668,8550,8608,8626,8626,8569,8606,5680,8637,8638,8603
14,8607,5664,5655,8615,8668,8549,8607,8626,8623,8569,8607,5679,8637,8638,8602
13,8607,5661,5657,8615,8669,8549,8608,8626,8624,8569,8605,5676,8637,8639,8602
14,8608,5664,5657,8615,8668,8549,8607,8626,8623,8569,8604,5676,8636,8638,8601
13,8608,5664,5660,8615,8667,8549,8608,8628,8625,8570,8605,5679,8637,8638,8602
14,8608,5664,5657,8616,8667,8549,8607,8627,8624,8569,8606,5682,8636,8637,8600
14,8608,5661,5655,8615,8668,8549,8608,8625,8623,8570,8606,5679,8637,8638,8600
14,8608,5665,5661,8616,8668,8549,8608,8626,8623,8570,8606,5678,8636,8636,8602
14,8608,5661,5659,8616,8668,8549,8608,8626,8623,8569,8605,5676,8634,8637,8600
13,8607,5663,5659,8614,8667,8548,8606,8626,8623,8568,8604,5683,8635,8637,8600
14,8607,5662,5656,8615,8667,8548,8606,8625,8624,8568,8604,5677,8635,8636,8600
14,8607,5663,5657,8614,8666,8547,8606,8624,8621,8569,8604,5682,8635,8637,8599
14,8607,5662,5658,8613,8666,8547,8605,8624,8622,8567,8604,5677,8634,8636,8598
14,8605,5664,5655,8613,8665,8546,8604,8623,8621,8567,8601,5682,8634,8635,8599
13,8605,5660,5658,8612,8664,8546,8604,8623,8618,8567,8600,5674,8633,8635,8598
14,8604,5663,5656,8612,8665,8546,8604,8623,8621,8565,8602,5673,8633,8635,8598
14,8604,5661,5656,8612,8664,8545,8603,8622,8621,8566,8601,5675,8631,8632,8597
14,8603,5661,5657,8610,8662,8543,8601,8619,8619,8565,8599,5682,8631,8632,8596
14,8601,5661,5653,8608,8660,8541,8599,8618,8617,8562,8598,5677,8629,8630,8594
14,8598,5662,5654,8605,8657,8538,8596,8614,8613,8557,8594,5671,8625,8626,8589
