14,8596,5660,5654,8604,8657,8537,8595,8616,8613,8560,8594,5675,8626,8628,8591
13,8596,5657,5652,8604,8658,8538,8595,8614,8613,8560,8594,5683,8626,8628,8592
14,8596,5660,5652,8604,8658,8537,8595,8615,8615,8558,8595,5678,8626,8628,8592
14,8596,5660,5651,8605,8658,8537,8596,8615,8614,8559,8595,5679,8627,8627,8591
14,8596,5661,5653,8604,8658,8538,8596,8615,8614,8560,8596,5674,8626,8627,8592
14,8596,5660,5653,8604,8658,8537,8596,8615,8614,8558,8594,5674,8626,8628,8591
14,8596,5658,5653,8604,8658,8538,8596,8615,8613,8559,8596,5677,8626,8627,8592
14,8596,5656,5652,8605,8658,8538,8595,8615,8614,8559,8595,5674,8626,8628,8591
13,8595,5658,5656,8604,8657,8537,8595,8613,8613,8560,8594,5677,8626,8627,8590
13,8596,5663,5664,8603,8657,8537,8595,8614,8614,8559,8594,5674,8626,8628,8592
14,8596,5670,5673,8604,8657,8537,8595,8615,8615,8560,8595,5678,8626,8628,8592
14,8596,5672,5677,8604,8658,8538,8596,8616,8615,8561,8595,5678,8627,8627,8592
13,8597,5675,5678,8604,8658,8538,8596,8615,8614,8558,8596,5681,8627,8628,8592
13,8597,5676,5683,8605,8658,8538,8596,8615,8616,8560,8596,5684,8627,8628,8593
14,8596,5677,5689,8605,8658,8539,8601,8616,8614,8560,8594,5680,8626,8628,8593
13,8597,5667,5676,8601,8658,8537,8596,8613,8615,8561,8595,5682,8633,8643,8596
14,8597,5661,5660,8603,8659,8537,8596,8612,8616,8563,8596,5677,8636,8635,8594
13,8597,5662,5658,8603,8659,8538,8596,8615,8615,8563,8597,5672,8635,8632,8594
14,8597,5660,5658,8603,8659,8538,8596,8613,8616,8562,8596,5675,8635,8632,8594
14,8597,5659,5657,8603,8659,8537,8597,8612,8616,8562,8596,5675,8635,8630,8594
12,8598,5659,5656,8603,8659,8538,8597,8611,8618,8564,8597,5672,8634,8629,8593
13,8598,5660,5653,8603,8659,8538,8596,8613,8617,8563,8597,5671,8632,8630,8593
14,8598,5662,5655,8603,8659,8538,8597,8612,8616,8563,8597,5677,8633,8630,8594
14,8598,5660,5652,8603,8659,8538,8597,8612,8617,8564,8597,5687,8633,8630,8595
13,8598,5660,5655,8603,8659,8538,8596,8613,8616,8564,8598,5677,8631,8630,8595
14,8598,5661,5656,8603,8659,8538,8597,8612,8617,8562,8596,5681,8631,8630,8594
13,8598,5661,5655,8603,8660,8538,8597,8612,8619,8564,8597,5675,8630,8630,8595
13,8598,5659,5653,8604,8659,8538,8597,8613,8617,8564,8596,5678,8632,8629,8595
14,8598,5660,5655,8603,8660,8538,8597,8612,8617,8565,8596,5673,8630,8629,8594
14,8598,5661,5655,8603,8660,8538,8597,8610,8618,8563,8598,5678,8631,8630,8593
14,8598,5663,5653,8603,8660,8538,8597,8612,8616,8564,8596,5680,8631,8630,8594
14,8598,5660,5652,8603,8659,8538,8596,8613,8617,8564,8597,5676,8624,8627,8603
13,8596,5656,5643,8610,8659,8543,8599,8617,8615,8561,8595,5677,8619,8616,8593
14,8596,5642,5626,8604,8658,8538,8596,8615,8614,8561,8596,5662,8619,8622,8592
14,8597,5638,5620,8605,8658,8539,8596,8617,8616,8560,8596,5670,8620,8625,8592
13,8598,5639,5622,8605,8658,8539,8597,8618,8614,8561,8596,5671,8620,8627,8592
14,8597,5642,5629,8605,8658,8538,8597,8616,8615,8559,8596,5674,8622,8627,8591
14,8597,5647,5633,8605,8658,8538,8596,8615,8615,8560,8597,5676,8623,8628,8593
14,8598,5646,5635,8605,8659,8539,8597,8617,8614,8561,8597,5678,8623,8628,8593
13,8598,5653,5645,8605,8659,8538,8596,8616,8615,8561,8595,5670,8623,8628,8592
13,8597,5658,5650,8605,8658,8538,8597,8615,8615,8559,8595,5676,8624,8627,8592
14,8597,5655,5652,8604,8658,8538,8596,8615,8615,8560,8596,5675,8624,8628,8592
14,8597,5657,5654,8604,8658,8538,8596,8617,8615,8558,8596,5675,8624,8628,8591
14,8596,5657,5652,8604,8658,8538,8596,8615,8614,8561,8595,5674,8624,8627,8591
13,8596,5660,5654,8604,8658,8538,8596,8615,8615,8559,8594,5677,8625,8627,8591
13,8596,5659,5656,8604,8658,8537,8596,8614,8614,8558,8595,5675,8624,8628,8591
13,8597,5658,5652,8604,8658,8537,8595,8613,8614,8559,8595,5675,8624,8627,8591
14,8596,5659,5653,8604,8657,8538,8596,8616,8613,8559,8596,5674,8624,8627,8591
14,8596,5661,5649,8604,8657,8538,8595,8614,8613,8559,8595,5675,8625,8629,8591
13,8596,5662,5652,8604,8658,8537,8596,8617,8612,8559,8595,5676,8627,8628,8591
13,8597,5657,5651,8604,8658,8538,8596,8616,8614,8560,8595,5673,8626,8628,8592
13,8596,5661,5655,8605,8657,8538,8596,8615,8614,8560,8595,5679,8625,8627,8592
13,8598,5658,5653,8604,8658,8538,8597,8615,8613,8558,8595,5676,8626,8628,8592
14,8596,5658,5652,8604,8658,8538,8596,8615,8614,8558,8594,5675,8625,8628,8591
14,8596,5658,5651,8604,8658,8538,8596,8617,8614,8560,8594,5676,8626,8627,8591
14,8596,5660,5654,8604,8657,8537,8596,8615,8614,8558,8595,5678,8624,8627,8590
14,8597,5659,5650,8604,8657,8537,8596,8614,8614,8558,8595,5682,8626,8627,8592
14,8596,5658,5651,8604,8657,8538,8596,8615,8616,8559,8596,5680,8626,8627,8592
14,8598,5658,5655,8606,8659,8539,8597,8619,8616,8561,8597,5678,8626,8629,8593
14,8599,5662,5658,8606,8659,8539,8598,8617,8615,8561,8596,5676,8628,8630,8594
13,8600,5661,5657,8608,8662,8541,8600,8620,8619,8562,8600,5670,8631,8631,8596
14,8601,5661,5655,8610,8663,8544,8601,8621,8619,8566,8601,5676,8631,8633,8598
14,8603,5660,5657,8610,8664,8543,8602,8619,8619,8565,8600,5679,8632,8633,8597
13,8604,5663,5655,8610,8664,8544,8603,8622,8622,8566,8601,5677,8633,8634,8598
14,8603,5662,5652,8611,8664,8544,8602,8622,8621,8564,8602,5682,8631,8634,8598
13,8604,5662,5657,8611,8664,8544,8602,8623,8619,8566,8602,5680,8632,8634,8599
13,8603,5659,5658,8611,8665,8544,8603,8623,8621,8564,8602,5679,8632,8634,8598
14,8603,5663,5657,8611,8664,8544,8603,8622,8621,8565,8602,5680,8633,8634,8596
13,8603,5662,5656,8610,8665,8544,8602,8620,8621,8566,8601,5677,8632,8633,8598
14,8603,5660,5658,8611,8664,8544,8603,8622,8620,8565,8602,5677,8632,8634,8598
13,8603,5661,5656,8610,8664,8544,8602,8622,8620,8565,8601,5678,8632,8633,8598
14,8603,5661,5657,8611,8664,8544,8602,8622,8620,8566,8601,5678,8632,8633,8598
13,8602,5661,5657,8610,8664,8544,8602,8621,8622,8565,8600,5678,8632,8634,8597
14,8602,5659,5654,8610,8664,8543,8602,8621,8620,8567,8601,5677,8632,8635,8598
13,8603,5661,5657,8611,8664,8544,8603,8622,8620,8566,8600,5677,8632,8633,8598
14,8603,5660,5659,8610,8664,8544,8602,8622,8621,8565,8601,5674,8632,8633,8597
14,8603,5661,5659,8610,8664,8544,8602,8620,8621,8565,8601,5678,8632,8633,8597
13,8603,5661,5656,8610,8664,8544,8602,8621,8620,8565,8600,5678,8632,8633,8597
13,8602,5659,5659,8610,8664,8544,8602,8621,8620,8566,8603,5676,8633,8633,8597
14,8604,5669,5667,8611,8664,8544,8603,8622,8622,8566,8602,5681,8632,8634,8597
13,8603,5675,5678,8611,8664,8543,8602,8620,8620,8565,8602,5682,8632,8633,8597
13,8602,5677,5681,8610,8663,8543,8602,8621,8621,8566,8601,5678,8632,8633,8597
14,8602,5677,5684,8610,8663,8543,8601,8620,8620,8565,8601,5684,8630,8634,8597
14,8603,5679,5693,8610,8664,8543,8602,8621,8621,8565,8602,5687,8632,8633,8597
13,8602,5683,5695,8610,8664,8543,8602,8622,8621,8563,8602,5689,8632,8633,8598
13,8602,5673,5682,8612,8663,8544,8600,8620,8620,8565,8601,5679,8632,8641,8609
14,8602,5663,5665,8605,8664,8541,8601,8619,8620,8568,8602,5684,8633,8642,8609
13,8603,5662,5657,8606,8664,8542,8602,8620,8622,8567,8602,5677,8635,8637,8609
13,8603,5662,5661,8606,8664,8542,8602,8619,8621,8569,8602,5676,8634,8636,8609
14,8603,5663,5661,8606,8665,8542,8601,8620,8619,8569,8602,5681,8634,8635,8608
14,8603,5663,5654,8607,8665,8542,8602,8621,8622,8568,8602,5676,8634,8634,8609
13,8603,5662,5659,8606,8664,8543,8602,8621,8623,8568,8601,5685,8635,8636,8609
14,8603,5663,5655,8606,8665,8543,8602,8620,8623,8567,8602,5679,8633,8635,8608
13,8603,5663,5658,8605,8665,8542,8602,8619,8622,8567,8603,5674,8633,8633,8608
14,8603,5661,5660,8606,8664,8542,8602,8619,8622,8569,8603,5680,8635,8635,8608
14,8603,5663,5657,8607,8664,8543,8602,8618,8622,8568,8602,5675,8633,8634,8608
13,8603,5663,5658,8606,8665,8542,8602,8622,8622,8568,8602,5676,8633,8634,8608
13,8603,5663,5658,8606,8665,8542,8602,8620,8623,8568,8604,5679,8633,8634,8608
14,8603,5663,5653,8606,8664,8543,8602,8620,8623,8567,8603,5675,8633,8634,8608
14,8603,5662,5657,8606,8665,8542,8602,8619,8620,8568,8602,5676,8634,8635,8608
13,8604,5663,5654,8606,8665,8543,8602,8620,8623,8568,8603,5679,8633,8634,8608
14,8603,5662,5658,8607,8665,8543,8603,8621,8622,8568,8601,5681,8634,8629,8609
13,8604,5658,5647,8610,8665,8550,8610,8621,8621,8566,8602,5680,8631,8625,8599
13,8604,5643,5625,8612,8666,8545,8604,8622,8622,8567,8604,5666,8631,8630,8600
14,8604,5641,5622,8612,8666,8545,8604,8621,8621,8567,8604,5669,8632,8632,8599
14,8604,5641,5625,8612,8665,8545,8603,8623,8622,8567,8603,5678,8632,8634,8599
13,8604,5643,5633,8612,8665,8545,8603,8622,8621,8566,8602,5678,8631,8633,8597
14,8603,5646,5632,8611,8665,8544,8603,8623,8621,8566,8601,5673,8632,8634,8598
14,8603,5651,5638,8611,8665,8545,8603,8622,8620,8568,8602,5677,8633,8635,8598
13,8604,5654,5650,8611,8665,8544,8603,8621,8619,8566,8602,5676,8632,8634,8597
14,8604,5660,5650,8611,8665,8544,8603,8622,8621,8567,8602,5684,8632,8634,8598
14,8604,5662,5653,8611,8664,8545,8603,8623,8620,8567,8602,5678,8632,8634,8597
13,8604,5661,5655,8611,8664,8545,8603,8621,8621,8565,8603,5680,8632,8634,8597
13,8603,5659,5655,8611,8664,8544,8603,8621,8618,8566,8601,5672,8632,8633,8597
13,8603,5662,5652,8611,8665,8544,8603,8623,8622,8566,8602,5674,8632,8634,8597
14,8604,5660,5657,8611,8664,8545,8602,8622,8621,8565,8602,5679,8632,8633,8597
14,8603,5658,5656,8611,8664,8545,8602,8621,8619,8566,8603,5678,8632,8634,8598
14,8603,5662,5655,8610,8664,8544,8602,8621,8621,8565,8602,5679,8633,8634,8597
14,8603,5662,5651,8611,8664,8544,8603,8622,8621,8566,8601,5671,8631,8634,8597
13,8603,5662,5657,8611,8665,8545,8602,8620,8620,8566,8602,5676,8632,8632,8596
14,8603,5661,5654,8611,8664,8544,8603,8621,8622,8566,8602,5680,8632,8634,8597
13,8603,5660,5653,8612,8664,8545,8602,8623,8621,8566,8602,5681,8632,8634,8598
13,8603,5663,5657,8611,8664,8545,8603,8622,8621,8566,8602,5677,8633,8633,8597
14,8603,5663,5656,8611,8665,8544,8603,8622,8622,8566,8601,5680,8632,8633,8597
14,8603,5660,5655,8611,8665,8544,8602,8622,8618,8565,8601,5676,8633,8634,8598
14,8604,5660,5657,8611,8664,8545,8602,8622,8620,8566,8601,5686,8632,8634,8598
13,8604,5661,5659,8612,8665,8546,8604,8623,8623,8569,8605,5682,8634,8635,8598
14,8606,5664,5657,8614,8667,8547,8605,8624,8623,8568,8605,5681,8635,8637,8600
14,8606,5664,5659,8613,8667,8547,8605,8625,8622,8569,8603,5679,8635,8635,8600
13,8606,5662,5658,8614,8667,8547,8605,8625,8622,8568,8605,5676,8635,8636,8600
14,8606,5660,5656,8614,8667,8547,8605,8625,8622,8569,8604,5681,8635,8636,8600
14,8606,5662,5653,8613,8666,8547,8605,8625,8622,8568,8604,5679,8634,8637,8600
14,8605,5659,5657,8613,8667,8546,8605,8623,8623,8566,8604,5680,8635,8636,8599
13,8605,5661,5656,8613,8666,8546,8604,8624,8622,8569,8604,5678,8636,8637,8600
14,8605,5665,5658,8613,8666,8546,8604,8623,8622,8569,8604,5678,8635,8636,8601
14,8605,5664,5655,8613,8667,8546,8604,8626,8622,8568,8605,5676,8636,8637,8599
14,8606,5663,5659,8613,8667,8547,8605,8624,8623,8567,8604,5676,8636,8636,8601
13,8606,5663,5656,8613,8667,8547,8606,8623,8623,8569,8604,5677,8636,8637,8600
14,8606,5663,5656,8613,8667,8547,8605,8625,8624,8568,8603,5675,8635,8638,8600
14,8606,5662,5657,8613,8667,8547,8605,8625,8624,8566,8605,5674,8635,8637,8600
14,8606,5663,5659,8613,8667,8547,8605,8625,8622,8568,8605,5687,8635,8637,8601
13,8606,5662,5655,8613,8667,8547,8605,8624,8623,8568,8603,5686,8636,8638,8601
14,8605,5662,5658,8613,8667,8547,8605,8625,8623,8569,8603,5676,8635,8637,8601
14,8606,5664,5658,8613,8667,8547,8605,8627,8623,8568,8605,5682,8636,8637,8600
14,8606,5664,5657,8613,8667,8547,8605,8623,8624,8568,8604,5681,8635,8637,8601
13,8606,5664,5658,8613,8667,8547,8605,8625,8624,8568,8605,5681,8636,8637,8600
14,8606,5663,5656,8613,8667,8547,8605,8625,8624,8567,8604,5680,8636,8637,8600
14,8605,5663,5658,8613,8666,8547,8605,8625,8623,8570,8604,5682,8636,8638,8600
13,8606,5663,5658,8613,8667,8547,8605,8625,8623,8569,8603,5681,8636,8636,8601
14,8605,5668,5669,8613,8666,8546,8604,8624,8624,8567,8604,5683,8635,8635,8600
15,8605,5674,5675,8613,8666,8546,8604,8623,8623,8568,8603,5683,8635,8636,8599
14,8604,5677,5680,8613,8666,8546,8604,8623,8622,8568,8603,5685,8634,8636,8600
14,8604,5676,5685,8612,8666,8546,8604,8624,8622,8566,8603,5684,8635,8635,8600
14,8604,5679,5695,8612,8666,8545,8603,8623,8622,8567,8602,5686,8634,8636,8599
14,8604,5683,5698,8612,8665,8545,8603,8623,8623,8566,8603,5692,8634,8635,8599
14,8604,5675,5684,8612,8664,8546,8601,8623,8621,8567,8602,5684,8635,8645,8611
14,8604,5664,5670,8608,8665,8543,8602,8619,8622,8567,8599,5682,8638,8644,8606
14,8603,5662,5659,8607,8665,8543,8602,8620,8622,8567,8602,5675,8638,8640,8608
13,8604,5663,5658,8608,8666,8544,8602,8620,8623,8568,8603,5678,8638,8639,8608
13,8605,5663,5661,8608,8666,8545,8602,8620,8623,8568,8603,5680,8638,8638,8608
13,8605,5663,5660,8608,8666,8544,8603,8621,8622,8569,8602,5681,8637,8636,8607
14,8604,5665,5657,8608,8665,8544,8602,8618,8623,8569,8603,5675,8637,8636,8607
14,8604,5663,5658,8608,8666,8545,8603,8620,8623,8568,8603,5676,8636,8637,8608
13,8605,5663,5661,8608,8666,8545,8603,8620,8624,8570,8602,5683,8637,8637,8608
12,8605,5663,5657,8608,8666,8544,8603,8620,8624,8569,8603,5679,8636,8636,8608
14,8605,5660,5657,8608,8666,8544,8603,8620,8623,8570,8603,5680,8636,8636,8607
14,8604,5663,5659,8608,8666,8545,8603,8620,8622,8569,8602,5680,8636,8637,8608
14,8604,5662,5657,8608,8666,8545,8603,8620,8624,8570,8604,5680,8637,8636,8607
14,8605,5664,5657,8609,8666,8545,8603,8620,8624,8570,8603,5680,8636,8636,8609
13,8605,5660,5659,8608,8666,8545,8603,8620,8624,8569,8602,5681,8636,8636,8607
14,8605,5663,5655,8609,8666,8545,8603,8620,8624,8569,8603,5683,8636,8636,8608
14,8605,5663,5656,8608,8666,8545,8603,8620,8621,8568,8604,5680,8635,8634,8609
13,8604,5659,5650,8616,8666,8552,8606,8623,8621,8567,8603,5677,8632,8625,8600
13,8605,5643,5629,8612,8666,8546,8604,8624,8623,8568,8604,5671,8633,8631,8600
14,8606,5639,5620,8613,8667,8547,8605,8626,8623,8568,8605,5665,8634,8634,8601
14,8605,5643,5622,8613,8667,8547,8605,8624,8623,8568,8603,5674,8634,8635,8600
13,8606,5642,5628,8613,8667,8547,8604,8625,8623,8568,8604,5672,8634,8637,8600
14,8606,5648,5633,8612,8667,8546,8605,8624,8622,8569,8603,5677,8633,8636,8600
14,8605,5649,5634,8613,8667,8547,8605,8624,8624,8567,8604,5675,8635,8636,8601
13,8606,5654,5644,8612,8666,8546,8604,8625,8623,8570,8603,5677,8635,8637,8600
13,8605,5662,5653,8612,8666,8546,8604,8623,8622,8567,8603,5678,8634,8636,8600
14,8604,5662,5651,8612,8666,8547,8604,8625,8625,8569,8604,5676,8634,8636,8599
14,8605,5662,5656,8612,8667,8546,8604,8623,8622,8567,8603,5680,8634,8636,8599
14,8605,5661,5660,8612,8667,8546,8605,8624,8621,8568,8603,5681,8635,8637,8599
14,8605,5662,5657,8613,8666,8546,8605,8625,8623,8568,8604,5678,8635,8637,8600
13,8605,5662,5657,8612,8666,8546,8604,8625,8622,8567,8603,5678,8634,8637,8599
14,8605,5660,5659,8612,8667,8546,8604,8624,8623,8568,8604,5675,8634,8636,8599
13,8606,5662,5655,8612,8666,8546,8604,8624,8623,8567,8604,5677,8635,8636,8599
13,8606,5662,5654,8613,8666,8546,8604,8624,8622,8568,8604,5674,8635,8637,8599
14,8606,5661,5656,8612,8666,8547,8605,8624,8623,8568,8602,5689,8635,8636,8599
13,8605,5664,5657,8612,8666,8547,8605,8624,8625,8568,8603,5678,8635,8636,8600
13,8606,5660,5657,8613,8666,8546,8605,8623,8621,8568,8605,5679,8635,8637,8600
14,8605,5663,5658,8612,8666,8546,8604,8624,8623,8568,8604,5677,8634,8636,8599
13,8605,5661,5655,8612,8666,8546,8604,8624,8622,8568,8604,5681,8636,8637,8599
14,8606,5662,5656,8612,8666,8546,8605,8624,8623,8568,8604,5680,8635,8636,8600
14,8606,5663,5659,8613,8666,8547,8604,8625,8621,8568,8603,5682,8634,8635,8599
14,8603,5661,5654,8610,8665,8544,8602,8622,8621,8566,8601,5679,8634,8634,8597
13,8603,5661,5654,8611,8665,8545,8603,8624,8621,8566,8603,5684,8634,8634,8598
14,8603,5662,5653,8609,8663,8544,8602,8623,8620,8566,8601,5682,8633,8634,8597
14,8603,5660,5654,8610,8664,8544,8602,8621,8621,8565,8602,5677,8632,8634,8597
14,8604,5657,5655,8610,8665,8545,8603,8624,8621,8565,8601,5680,8634,8635,8598
13,8604,5662,5655,8612,8666,8546,8604,8624,8623,8567,8603,5676,8636,8637,8600
13,8607,5662,5656,8613,8667,8547,8605,8626,8624,8569,8604,5682,8637,8638,8601
14,8607,5664,5658,8613,8667,8547,8605,8626,8624,8569,8604,5681,8637,8637,8601
14,8607,5663,5657,8613,8667,8547,8605,8626,8624,8569,8606,5687,8636,8639,8602
13,8607,5662,5659,8613,8667,8547,8605,8627,8626,8570,8605,5685,8636,8638,8601
13,8606,5663,5658,8613,8668,8547,8605,8625,8622,8571,8605,5682,8637,8638,8601
13,8607,5663,5656,8613,8667,8547,8605,8625,8623,8569,8605,5680,8637,8638,8601
14,8607,5663,5660,8613,8667,8548,8606,8626,8624,8568,8605,5683,8636,8638,8601
13,8607,5664,5658,8613,8668,8548,8606,8626,8625,8570,8606,5679,8636,8639,8600
13,8607,5664,5657,8613,8668,8548,8605,8625,8625,8571,8604,5682,8637,8638,8601
14,8607,5664,5658,8614,8667,8548,8605,8626,8625,8571,8606,5686,8636,8638,8602
13,8607,5662,5658,8613,8668,8547,8606,8627,8625,8569,8606,5684,8637,8638,8601
14,8607,5663,5654,8613,8668,8548,8606,8626,8625,8570,8604,5680,8637,8638,8602
13,8607,5660,5659,8614,8668,8548,8606,8627,8625,8570,8604,5677,8637,8638,8601
14,8607,5665,5658,8614,8668,8548,8606,8625,8627,8570,8605,5682,8637,8638,8601
13,8607,5664,5658,8614,8668,8547,8606,8628,8625,8571,8604,5676,8637,8639,8602
13,8607,5664,5656,8613,8667,8548,8605,8627,8624,8569,8605,5680,8637,8638,8601
13,8606,5662,5659,8613,8668,8548,8606,8627,8623,8569,8605,5676,8636,8638,8600
14,8607,5666,5662,8613,8667,8547,8604,8626,8622,8570,8606,5681,8636,8638,8601
13,8606,5671,5675,8613,8667,8547,8605,8626,8623,8569,8605,5685,8637,8637,8601
14,8606,5674,5680,8613,8667,8547,8604,8626,8625,8568,8606,5685,8636,8638,8599
14,8606,5677,5686,8612,8667,8547,8604,8625,8623,8568,8605,5686,8636,8636,8600
14,8605,5681,5690,8612,8667,8546,8603,8625,8623,8567,8604,5690,8636,8636,8600
13,8606,5686,5707,8612,8666,8546,8604,8623,8623,8568,8603,5695,8635,8637,8599
14,8606,5678,5695,8614,8666,8549,8604,8624,8621,8569,8604,5688,8636,8642,8616
14,8605,5666,5665,8613,8666,8544,8603,8625,8622,8569,8604,5674,8639,8647,8621
13,8605,5663,5663,8615,8666,8545,8603,8625,8624,8570,8603,5679,8638,8642,8621
13,8606,5665,5659,8614,8667,8545,8603,8625,8622,8571,8606,5682,8638,8640,8620
14,8606,5662,5660,8615,8667,8545,8603,8624,8624,8570,8605,5681,8639,8639,8620
14,8606,5664,5662,8615,8667,8545,8604,8625,8624,8570,8604,5684,8638,8639,8620
14,8606,5661,5658,8615,8667,8545,8603,8625,8624,8569,8604,5678,8638,8639,8621
14,8606,5665,5658,8615,8667,8546,8604,8626,8625,8568,8606,5679,8638,8638,8620
13,8606,5664,5657,8615,8667,8546,8604,8625,8624,8570,8606,5687,8638,8639,8620
14,8606,5663,5656,8615,8667,8546,8604,8625,8623,8569,8605,5679,8638,8638,8621
14,8606,5664,5659,8615,8668,8546,8604,8625,8625,8570,8604,5680,8638,8639,8620
14,8606,5663,5658,8615,8667,8546,8603,8623,8623,8571,8606,5675,8638,8636,8620
14,8606,5663,5659,8615,8667,8546,8603,8627,8624,8570,8603,5681,8637,8639,8621
13,8606,5665,5658,8615,8668,8546,8603,8626,8625,8570,8606,5687,8638,8639,8620
14,8606,5662,5656,8615,8667,8546,8603,8625,8624,8570,8606,5674,8638,8637,8620
13,8606,5661,5655,8615,8667,8546,8603,8624,8623,8572,8604,5684,8637,8638,8619
14,8606,5662,5655,8615,8667,8546,8604,8624,8625,8570,8605,5678,8638,8636,8620
13,8605,5662,5653,8616,8667,8551,8609,8624,8625,8569,8603,5678,8633,8626,8603
14,8606,5649,5633,8612,8667,8547,8605,8625,8624,8570,8604,5668,8635,8631,8602
13,8607,5639,5617,8613,8668,8548,8606,8627,8625,8570,8604,5673,8636,8634,8602
14,8607,5645,5624,8614,8668,8548,8606,8626,8625,8570,8604,5676,8636,8637,8602
14,8608,5645,5633,8614,8669,8548,8606,8628,8625,8570,8606,5678,8636,8638,8602
14,8607,5648,5637,8614,8668,8548,8605,8626,8625,8571,8606,5677,8637,8638,8602
13,8608,5653,5642,8614,8669,8548,8606,8626,8626,8571,8606,5678,8636,8638,8601
13,8608,5653,5644,8614,8668,8548,8606,8627,8622,8569,8606,5683,8637,8639,8602
14,8608,5661,5655,8614,8668,8548,8606,8626,8626,8570,8607,5678,8637,8639,8602
14,8607,5664,5657,8613,8668,8548,8607,8626,8625,8569,8605,5681,8637,8638,8601
14,8607,5664,5655,8614,8668,8549,8605,8624,8625,8569,8606,5682,8637,8639,8602
13,8608,5661,5658,8614,8668,8548,8606,8626,8624,8570,8605,5682,8637,8639,8600
14,8607,5664,5658,8613,8669,8548,8606,8624,8625,8570,8604,5676,8637,8639,8601
13,8607,5661,5658,8613,8668,8548,8605,8626,8624,8569,8605,5678,8637,8638,8601
13,8607,5662,5655,8614,8668,8548,8606,8627,8625,8570,8605,5682,8637,8639,8600
14,8607,5664,5657,8614,8668,8548,8606,8626,8626,8569,8605,5682,8637,8638,8600
14,8607,5663,5657,8614,8668,8548,8605,8626,8625,8570,8607,5684,8637,8640,8600
13,8608,5663,5655,8613,8668,8548,8606,8627,8624,8569,8604,5680,8638,8639,8600
14,8607,5664,5656,8613,8668,8548,8606,8626,8625,8570,8605,5674,8637,8638,8601
13,8607,5664,5657,8614,8668,8548,8606,8626,8625,8569,8605,5681,8637,8639,8601
14,8607,5663,5655,8614,8668,8549,8606,8626,8621,8570,8604,5680,8637,8639,8600
14,8608,5664,5658,8614,8669,8549,8605,8628,8627,8570,8605,5682,8637,8639,8601
13,8607,5664,5655,8614,8668,8548,8606,8628,8625,8570,8607,5684,8638,8639,8601
14,8608,5661,5658,8614,8668,8548,8606,8626,8625,8568,8604,5684,8637,8639,8601
14,8608,5664,5658,8613,8668,8548,8606,8627,8624,8569,8605,5682,8637,8638,8601
13,8607,5663,5657,8614,8668,8549,8606,8626,8626,8570,8607,5681,8637,8638,8600
14,8607,5659,5658,8614,8668,8548,8606,8627,8625,8569,8605,5682,8638,8638,8601
13,8606,5664,5661,8613,8667,8547,8605,8628,8625,8570,8605,5679,8637,8639,8600
13,8608,5663,5660,8614,8668,8548,8606,8628,8625,8571,8605,5681,8636,8638,8601
14,8608,5663,5656,8614,8668,8548,8606,8626,8625,8570,8605,5678,8637,8637,8600
13,8608,5662,5661,8614,8668,8548,8607,8626,8625,8570,8606,5679,8637,8638,8600
14,8608,5663,5661,8614,8668,8547,8606,8625,8626,8568,8604,5677,8635,8637,8599
14,8607,5664,5659,8613,8667,8547,8605,8625,8623,8568,8604,5685,8635,8635,8599
14,8606,5664,5658,8612,8666,8547,8605,8625,8623,8567,8605,5676,8635,8636,8598
13,8606,5665,5656,8613,8667,8547,8605,8627,8623,8569,8602,5678,8635,8636,8599
13,8606,5662,5657,8612,8665,8546,8604,8623,8623,8568,8604,5681,8634,8635,8597
13,8605,5663,5658,8610,8665,8545,8603,8624,8622,8567,8601,5683,8633,8634,8596
14,8604,5661,5657,8610,8664,8544,8603,8623,8622,8565,8603,5678,8634,8635,8597
14,8605,5663,5657,8611,8664,8544,8602,8622,8619,8567,8600,5679,8633,8634,8597
14,8604,5661,5655,8610,8664,8544,8602,8622,8622,8568,8602,5682,8631,8634,8597
15,8603,5659,5654,8609,8663,8543,8602,8622,8621,8567,8602,5674,8633,8634,8596
13,8603,5662,5656,8608,8662,8543,8600,8620,8619,8563,8599,5677,8632,8632,8595
14,8601,5661,5655,8606,8660,8540,8599,8619,8618,8564,8600,5680,8631,8631,8595
