14,8596,5659,5653,8602,8656,8537,8595,8615,8614,8558,8593,5673,8625,8626,8590
13,8596,5660,5653,8603,8656,8537,8595,8616,8613,8558,8593,5672,8625,8627,8590
13,8596,5661,5652,8603,8656,8537,8595,8613,8616,8558,8594,5676,8625,8626,8590
13,8596,5659,5654,8603,8656,8537,8595,8613,8612,8559,8593,5679,8625,8626,8591
14,8596,5659,5652,8603,8656,8537,8595,8614,8612,8559,8594,5672,8625,8627,8590
13,8596,5662,5649,8603,8656,8537,8595,8613,8613,8558,8594,5676,8626,8626,8590
13,8596,5661,5651,8603,8656,8537,8596,8614,8614,8559,8593,5682,8626,8626,8590
14,8596,5659,5655,8603,8657,8537,8595,8613,8613,8559,8595,5674,8626,8626,8590
14,8596,5660,5652,8603,8656,8536,8594,8613,8613,8558,8594,5684,8625,8626,8590
14,8597,5659,5652,8604,8657,8537,8596,8614,8613,8557,8594,5678,8626,8627,8590
13,8597,5659,5654,8603,8656,8537,8595,8615,8614,8559,8595,5675,8625,8627,8590
13,8596,5658,5649,8603,8656,8537,8595,8616,8613,8558,8594,5677,8625,8627,8591
13,8596,5662,5650,8603,8657,8537,8595,8614,8613,8561,8594,5680,8625,8626,8591
13,8596,5658,5654,8603,8657,8537,8595,8614,8613,8559,8593,5679,8626,8627,8591
14,8596,5662,5653,8603,8656,8537,8595,8614,8613,8558,8594,5679,8625,8628,8591
14,8596,5658,5652,8603,8656,8537,8595,8614,8613,8559,8593,5678,8625,8627,8591
14,8597,5659,5653,8603,8656,8537,8595,8614,8614,8560,8594,5675,8626,8627,8591
13,8596,5659,5653,8603,8656,8537,8594,8614,8614,8559,8594,5677,8625,8626,8590
14,8596,5657,5650,8603,8657,8537,8595,8614,8613,8559,8594,5674,8625,8626,8590
14,8596,5660,5662,8603,8656,8536,8594,8615,8616,8558,8593,5679,8625,8627,8590
14,8596,5667,5667,8603,8656,8536,8594,8613,8614,8558,8592,5682,8625,8627,8591
14,8596,5674,5673,8603,8657,8537,8595,8614,8614,8558,8594,5683,8625,8627,8591
13,8597,5674,5677,8603,8657,8537,8595,8614,8613,8558,8594,5679,8626,8626,8591
13,8597,5673,5683,8603,8657,8537,8595,8614,8615,8558,8593,5676,8625,8626,8591
13,8596,5675,5687,8603,8657,8537,8595,8614,8614,8559,8593,5694,8625,8627,8591
14,8596,5672,5680,8606,8656,8538,8593,8612,8613,8559,8593,5682,8627,8638,8604
14,8596,5666,5667,8600,8656,8535,8594,8609,8615,8560,8594,5674,8635,8637,8592
13,8596,5662,5657,8601,8657,8536,8595,8611,8615,8562,8595,5683,8635,8632,8591
14,8596,5661,5652,8601,8657,8537,8594,8610,8615,8562,8595,5679,8635,8631,8591
14,8597,5659,5659,8601,8657,8536,8595,8610,8614,8561,8594,5675,8634,8629,8591
14,8597,5661,5657,8601,8657,8537,8595,8610,8614,8562,8595,5680,8633,8629,8591
14,8597,5661,5653,8601,8657,8536,8595,8611,8615,8561,8595,5675,8632,8628,8592
13,8597,5658,5655,8601,8657,8536,8595,8611,8615,8563,8595,5679,8631,8628,8592
13,8597,5661,5652,8601,8657,8536,8594,8608,8614,8561,8595,5674,8631,8626,8592
13,8597,5659,5654,8601,8657,8537,8594,8610,8614,8562,8594,5673,8630,8627,8592
13,8597,5657,5657,8601,8658,8536,8595,8610,8616,8562,8595,5676,8630,8627,8592
14,8597,5661,5655,8600,8657,8536,8595,8610,8614,8562,8595,5678,8629,8627,8591
13,8597,5662,5651,8601,8657,8537,8595,8609,8615,8561,8595,5680,8629,8628,8591
13,8597,5657,5655,8601,8657,8537,8595,8609,8614,8561,8595,5672,8627,8627,8592
14,8597,5660,5652,8600,8658,8537,8595,8610,8616,8563,8595,5676,8629,8628,8592
14,8597,5659,5653,8601,8657,8536,8594,8610,8613,8562,8595,5673,8628,8627,8592
14,8597,5660,5652,8601,8657,8536,8595,8609,8615,8562,8595,5677,8628,8628,8592
13,8597,5657,5656,8601,8658,8536,8595,8610,8614,8563,8594,5677,8628,8628,8592
13,8597,5659,5653,8601,8657,8536,8595,8612,8614,8562,8594,5678,8629,8628,8593
13,8596,5661,5653,8601,8657,8536,8595,8610,8614,8562,8595,5683,8627,8628,8592
13,8596,5660,5655,8600,8657,8536,8595,8610,8614,8562,8595,5678,8626,8627,8592
13,8596,5660,5651,8600,8657,8536,8595,8611,8615,8560,8594,5676,8627,8628,8592
14,8597,5658,5650,8601,8657,8537,8595,8609,8612,8562,8595,5675,8627,8627,8592
13,8597,5660,5656,8600,8657,8536,8595,8609,8614,8562,8595,5679,8627,8627,8592
14,8597,5661,5652,8601,8657,8536,8595,8612,8614,8561,8595,5683,8620,8622,8601
14,8595,5653,5641,8605,8657,8540,8598,8614,8613,8559,8594,5672,8616,8615,8591
14,8595,5640,5622,8601,8655,8536,8593,8610,8612,8557,8593,5665,8614,8619,8590
13,8595,5640,5622,8602,8655,8536,8594,8614,8613,8558,8593,5668,8617,8622,8590
14,8596,5639,5620,8603,8656,8536,8594,8614,8614,8558,8593,5666,8618,8624,8590
13,8596,5639,5623,8603,8657,8537,8595,8614,8610,8558,8594,5671,8619,8625,8590
14,8596,5643,5632,8603,8657,8537,8595,8613,8610,8558,8593,5674,8620,8624,8590
14,8596,5647,5634,8602,8656,8536,8594,8615,8612,8558,8593,5671,8620,8626,8591
13,8596,5653,5644,8602,8656,8537,8594,8614,8612,8556,8595,5683,8621,8626,8590
14,8596,5656,5655,8602,8656,8536,8594,8613,8612,8558,8594,5674,8621,8626,8590
14,8596,5660,5650,8601,8655,8536,8594,8614,8612,8556,8594,5673,8621,8626,8589
13,8595,5657,5651,8602,8655,8536,8594,8613,8613,8559,8593,5678,8622,8626,8590
13,8596,5656,5653,8602,8655,8536,8594,8615,8611,8558,8594,5677,8622,8627,8589
14,8596,5658,5653,8601,8656,8535,8594,8614,8611,8555,8593,5679,8622,8625,8590
14,8595,5659,5652,8602,8656,8536,8594,8613,8612,8556,8594,5676,8621,8626,8589
13,8596,5657,5653,8602,8655,8536,8594,8614,8610,8559,8592,5676,8622,8626,8589
13,8595,5658,5652,8602,8656,8536,8594,8613,8612,8556,8594,5672,8622,8626,8590
13,8596,5660,5653,8602,8656,8536,8594,8611,8614,8558,8594,5680,8624,8625,8590
14,8596,5657,5652,8602,8655,8536,8594,8614,8611,8558,8593,5674,8623,8625,8590
13,8596,5660,5649,8601,8655,8536,8594,8613,8611,8558,8593,5676,8623,8626,8589
14,8596,5659,5655,8602,8655,8537,8594,8614,8613,8556,8593,5678,8624,8626,8590
14,8596,5657,5655,8602,8655,8537,8594,8614,8614,8559,8593,5675,8624,8626,8590
13,8596,5659,5653,8602,8655,8536,8594,8614,8613,8557,8593,5674,8623,8626,8588
14,8596,5657,5650,8602,8656,8536,8594,8613,8611,8558,8594,5676,8623,8625,8589
14,8596,5659,5652,8602,8655,8536,8594,8616,8613,8557,8594,5677,8623,8626,8590
14,8596,5660,5656,8602,8656,8536,8594,8614,8612,8558,8593,5673,8624,8626,8590
13,8596,5658,5654,8602,8656,8536,8595,8614,8612,8559,8593,5678,8624,8626,8590
14,8595,5656,5654,8602,8655,8536,8594,8615,8612,8557,8592,5677,8624,8626,8590
13,8595,5660,5653,8602,8655,8536,8594,8615,8612,8558,8591,5676,8625,8626,8589
14,8596,5659,5651,8602,8656,8536,8594,8614,8612,8558,8594,5681,8625,8626,8590
14,8596,5659,5651,8602,8656,8537,8594,8613,8613,8557,8594,5679,8624,8625,8590
13,8595,5659,5649,8603,8655,8536,8594,8615,8613,8558,8593,5679,8623,8626,8589
13,8595,5658,5654,8601,8655,8535,8593,8612,8613,8556,8592,5675,8623,8624,8588
14,8595,5658,5650,8601,8655,8535,8593,8613,8611,8557,8592,5675,8623,8624,8588
13,8595,5659,5650,8602,8656,8537,8594,8614,8613,8559,8593,5678,8625,8626,8590
13,8599,5659,5657,8604,8658,8538,8596,8616,8615,8562,8594,5677,8626,8628,8592
14,8600,5661,5653,8606,8660,8540,8598,8618,8618,8561,8599,5679,8628,8631,8594
14,8600,5661,5655,8606,8660,8540,8598,8618,8615,8562,8598,5673,8628,8631,8595
14,8602,5660,5657,8608,8661,8542,8600,8620,8617,8564,8600,5672,8630,8632,8595
13,8603,5663,5658,8609,8662,8542,8601,8622,8618,8564,8601,5676,8631,8631,8595
14,8603,5662,5655,8610,8663,8544,8601,8621,8620,8565,8600,5679,8631,8633,8597
14,8603,5663,5656,8610,8664,8544,8602,8624,8620,8565,8600,5683,8631,8632,8597
12,8603,5660,5657,8609,8663,8543,8601,8622,8620,8565,8602,5682,8632,8633,8597
13,8603,5662,5653,8609,8663,8544,8601,8621,8619,8564,8601,5682,8632,8632,8597
14,8603,5663,5656,8610,8663,8544,8601,8621,8620,8565,8601,5681,8631,8633,8596
14,8604,5661,5658,8609,8663,8544,8601,8622,8620,8566,8601,5673,8631,8633,8597
13,8604,5660,5654,8610,8663,8544,8602,8622,8620,8566,8601,5680,8632,8633,8597
14,8604,5660,5657,8610,8663,8544,8601,8622,8620,8566,8602,5678,8632,8633,8597
13,8604,5661,5654,8610,8663,8544,8602,8624,8621,8565,8601,5676,8632,8632,8597
14,8604,5662,5651,8609,8663,8544,8602,8621,8621,8565,8599,5677,8632,8633,8597
14,8604,5662,5658,8610,8664,8544,8601,8622,8621,8565,8601,5676,8632,8634,8597
14,8604,5663,5660,8610,8664,8544,8602,8622,8619,8566,8601,5679,8632,8633,8597
14,8604,5663,5653,8610,8664,8544,8602,8621,8618,8565,8600,5684,8632,8633,8597
14,8604,5661,5657,8610,8663,8544,8601,8622,8623,8566,8601,5679,8633,8634,8598
13,8604,5661,5655,8609,8663,8544,8602,8621,8620,8565,8599,5680,8632,8634,8597
14,8603,5661,5652,8609,8663,8543,8601,8621,8620,8566,8601,5678,8632,8633,8597
13,8604,5661,5657,8610,8663,8544,8601,8622,8620,8567,8600,5678,8632,8633,8597
13,8603,5658,5657,8610,8664,8544,8601,8622,8619,8566,8599,5679,8632,8633,8597
14,8603,5661,5657,8609,8664,8544,8601,8621,8621,8564,8601,5682,8631,8633,8597
13,8603,5660,5654,8610,8663,8544,8601,8622,8620,8565,8600,5678,8632,8634,8597
14,8603,5660,5659,8610,8663,8544,8601,8620,8619,8566,8601,5676,8631,8634,8597
13,8604,5663,5654,8610,8664,8544,8602,8622,8620,8564,8601,5679,8632,8633,8597
14,8603,5663,5657,8610,8663,8543,8601,8621,8620,8566,8602,5680,8632,8634,8598
14,8603,5667,5668,8610,8663,8544,8601,8622,8621,8566,8602,5683,8632,8633,8597
14,8603,5672,5677,8609,8664,8544,8601,8621,8620,8566,8601,5682,8633,8633,8597
13,8603,5678,5679,8610,8664,8543,8601,8622,8621,8565,8599,5682,8631,8632,8597
13,8603,5674,5683,8610,8663,8544,8602,8622,8620,8566,8602,5689,8631,8633,8597
14,8604,5678,5693,8610,8663,8544,8602,8621,8619,8567,8599,5689,8631,8633,8597
13,8603,5683,5696,8609,8663,8544,8601,8620,8620,8565,8602,5694,8631,8634,8597
13,8602,5674,5680,8611,8662,8544,8599,8619,8619,8563,8599,5686,8631,8640,8609
14,8602,5662,5666,8603,8662,8541,8600,8619,8618,8566,8601,5676,8633,8639,8609
14,8603,5661,5661,8604,8662,8541,8600,8620,8620,8567,8602,5678,8633,8636,8609
13,8602,5661,5656,8604,8663,8541,8600,8620,8622,8566,8600,5678,8633,8634,8608
13,8603,5658,5660,8604,8662,8541,8600,8617,8621,8567,8600,5678,8633,8634,8608
14,8603,5663,5658,8604,8663,8542,8600,8619,8621,8565,8601,5677,8634,8634,8608
13,8603,5661,5653,8604,8663,8542,8601,8619,8622,8567,8600,5677,8633,8633,8608
13,8603,5660,5656,8605,8663,8542,8600,8620,8621,8567,8601,5679,8633,8633,8608
14,8604,5663,5660,8604,8663,8542,8601,8617,8621,8569,8601,5679,8634,8634,8608
13,8604,5662,5657,8604,8663,8541,8601,8619,8620,8568,8600,5685,8633,8634,8608
14,8604,5662,5653,8605,8664,8542,8600,8619,8622,8568,8601,5681,8632,8634,8608
14,8603,5663,5658,8604,8664,8541,8601,8620,8622,8566,8601,5679,8633,8635,8608
14,8603,5662,5654,8605,8664,8542,8601,8619,8621,8567,8601,5676,8634,8634,8608
14,8603,5662,5652,8605,8663,8542,8601,8620,8622,8568,8601,5678,8633,8634,8608
13,8604,5658,5656,8605,8664,8542,8601,8619,8621,8567,8601,5677,8633,8634,8608
14,8604,5663,5652,8604,8664,8542,8601,8619,8620,8567,8600,5680,8633,8633,8609
13,8603,5662,5657,8605,8663,8542,8601,8620,8622,8567,8601,5676,8632,8633,8607
13,8603,5661,5657,8605,8663,8542,8600,8620,8622,8566,8601,5679,8633,8634,8608
14,8603,5660,5658,8605,8664,8541,8601,8618,8622,8567,8600,5678,8632,8633,8607
14,8603,5661,5653,8605,8663,8542,8601,8619,8621,8567,8601,5677,8632,8633,8608
13,8604,5658,5656,8605,8664,8542,8600,8620,8622,8567,8601,5676,8632,8633,8608
12,8604,5663,5657,8605,8664,8541,8601,8620,8621,8568,8601,5674,8633,8633,8607
13,8604,5663,5655,8605,8664,8542,8601,8620,8622,8565,8601,5683,8631,8633,8605
14,8603,5661,5656,8605,8664,8542,8601,8618,8622,8567,8601,5678,8633,8634,8608
13,8603,5663,5657,8610,8664,8546,8602,8619,8621,8566,8602,5673,8632,8625,8601
13,8604,5651,5641,8610,8664,8544,8602,8620,8620,8565,8600,5675,8629,8626,8598
13,8604,5640,5620,8610,8664,8545,8603,8622,8619,8566,8601,5669,8630,8630,8597
14,8604,5641,5620,8610,8664,8545,8601,8621,8619,8567,8601,5670,8630,8632,8597
14,8604,5644,5627,8610,8664,8544,8602,8622,8620,8566,8602,5675,8630,8631,8597
14,8603,5646,5629,8610,8664,8544,8602,8622,8620,8565,8602,5679,8631,8633,8596
13,8604,5649,5634,8610,8663,8544,8602,8620,8622,8565,8600,5674,8631,8633,8596
14,8604,5652,5642,8610,8664,8544,8602,8622,8619,8563,8601,5674,8630,8633,8596
14,8603,5657,5652,8610,8662,8544,8601,8621,8620,8565,8601,5680,8630,8633,8597
14,8604,5660,5653,8610,8663,8544,8601,8622,8619,8565,8600,5674,8630,8632,8595
14,8604,5660,5655,8610,8664,8544,8601,8622,8620,8566,8601,5681,8631,8632,8596
13,8604,5662,5654,8610,8663,8544,8601,8621,8619,8565,8600,5677,8631,8633,8595
13,8604,5661,5656,8609,8663,8544,8601,8622,8619,8563,8602,5677,8630,8633,8598
14,8604,5661,5653,8610,8663,8544,8602,8622,8618,8566,8601,5681,8631,8633,8597
13,8604,5661,5655,8609,8663,8544,8602,8622,8622,8564,8602,5677,8631,8633,8597
14,8603,5661,5653,8610,8663,8544,8601,8621,8620,8565,8600,5677,8631,8634,8595
12,8604,5662,5657,8610,8663,8544,8602,8620,8620,8564,8601,5678,8632,8633,8596
13,8603,5660,5654,8609,8663,8544,8601,8623,8620,8565,8600,5677,8630,8632,8596
14,8604,5662,5658,8610,8663,8544,8602,8623,8620,8565,8601,5674,8631,8633,8597
13,8604,5659,5657,8610,8664,8544,8602,8623,8621,8565,8601,5681,8631,8633,8596
14,8604,5662,5658,8610,8663,8544,8602,8620,8620,8565,8601,5681,8631,8632,8596
14,8604,5663,5656,8609,8663,8544,8601,8622,8620,8565,8601,5677,8631,8632,8597
14,8604,5659,5656,8610,8663,8544,8601,8623,8618,8566,8602,5676,8632,8633,8596
14,8604,5659,5657,8609,8663,8545,8602,8621,8620,8565,8602,5676,8632,8633,8596
14,8603,5662,5652,8609,8663,8544,8602,8621,8622,8566,8600,5673,8630,8633,8595
13,8604,5662,5656,8610,8662,8544,8602,8621,8620,8564,8601,5676,8630,8633,8596
13,8603,5658,5655,8609,8663,8544,8602,8621,8619,8564,8600,5674,8630,8632,8595
14,8603,5663,5657,8609,8663,8544,8601,8622,8620,8564,8601,5676,8632,8632,8596
13,8603,5661,5656,8610,8663,8544,8601,8620,8621,8566,8600,5679,8631,8633,8596
14,8603,5660,5656,8610,8663,8544,8602,8622,8618,8564,8602,5676,8632,8633,8596
14,8604,5663,5653,8609,8663,8544,8602,8622,8619,8567,8601,5676,8632,8633,8596
14,8603,5662,5654,8609,8663,8544,8601,8623,8620,8564,8600,5682,8631,8632,8596
14,8603,5660,5657,8609,8663,8544,8601,8622,8620,8565,8601,5675,8631,8633,8596
13,8605,5663,5658,8612,8665,8546,8603,8623,8621,8567,8602,5681,8634,8635,8599
14,8606,5663,5660,8613,8666,8547,8604,8624,8624,8567,8603,5682,8634,8634,8600
13,8607,5660,5657,8613,8667,8548,8605,8625,8623,8568,8604,5679,8635,8636,8599
13,8607,5664,5655,8613,8667,8547,8605,8624,8623,8568,8604,5681,8635,8636,8599
14,8607,5661,5654,8612,8666,8546,8604,8623,8623,8568,8604,5680,8635,8636,8599
13,8606,5662,5656,8612,8666,8547,8604,8622,8623,8568,8604,5684,8635,8636,8599
14,8607,5660,5655,8613,8667,8547,8605,8624,8624,8569,8604,5679,8635,8637,8599
14,8607,5660,5656,8614,8667,8547,8605,8626,8625,8569,8603,5678,8636,8637,8601
14,8608,5663,5659,8614,8667,8547,8605,8626,8625,8569,8605,5679,8635,8637,8601
13,8607,5661,5657,8613,8667,8547,8605,8624,8625,8570,8605,5681,8635,8637,8600
13,8607,5664,5659,8614,8667,8548,8605,8625,8625,8568,8604,5683,8636,8637,8601
13,8607,5663,5658,8614,8667,8548,8605,8627,8624,8570,8604,5680,8636,8637,8601
13,8608,5662,5659,8614,8667,8548,8605,8625,8622,8569,8604,5682,8636,8637,8601
14,8608,5664,5658,8614,8668,8548,8605,8626,8624,8569,8604,5684,8636,8638,8602
13,8607,5663,5657,8614,8667,8547,8606,8625,8624,8567,8606,5682,8636,8637,8600
14,8607,5663,5658,8613,8667,8548,8605,8625,8624,8570,8605,5677,8637,8638,8601
14,8607,5663,5656,8613,8668,8548,8606,8626,8624,8570,8604,5682,8637,8639,8600
14,8608,5661,5656,8614,8667,8548,8606,8626,8624,8569,8605,5684,8637,8637,8601
13,8607,5663,5658,8614,8667,8547,8605,8626,8625,8569,8605,5681,8637,8638,8600
13,8607,5661,5656,8613,8667,8548,8605,8626,8621,8569,8605,5679,8637,8638,8601
14,8607,5660,5654,8614,8667,8548,8605,8625,8624,8569,8604,5683,8636,8637,8601
13,8607,5663,5657,8614,8667,8548,8605,8626,8623,8567,8603,5679,8636,8637,8601
14,8607,5661,5656,8613,8667,8548,8605,8626,8624,8569,8603,5675,8637,8638,8601
13,8607,5662,5658,8614,8667,8548,8606,8626,8624,8569,8604,5680,8637,8638,8602
13,8607,5663,5654,8613,8668,8548,8605,8627,8622,8569,8605,5677,8636,8638,8602
14,8607,5661,5658,8614,8667,8547,8605,8626,8624,8569,8604,5678,8636,8637,8601
14,8607,5664,5656,8613,8667,8547,8605,8626,8624,8569,8605,5683,8637,8637,8601
14,8607,5663,5656,8613,8667,8548,8605,8627,8627,8570,8604,5678,8636,8637,8600
14,8608,5661,5657,8613,8667,8548,8605,8626,8624,8569,8604,5683,8635,8637,8601
14,8607,5664,5660,8613,8667,8547,8605,8625,8623,8569,8604,5681,8635,8637,8601
14,8607,5672,5667,8613,8667,8548,8605,8626,8624,8568,8604,5682,8636,8636,8599
14,8607,5676,5679,8613,8666,8548,8605,8624,8623,8569,8604,5686,8635,8636,8600
13,8607,5673,5682,8614,8667,8547,8605,8625,8623,8568,8604,5682,8635,8638,8600
14,8607,5677,5689,8613,8667,8547,8605,8624,8624,8569,8605,5686,8635,8637,8600
14,8606,5679,5695,8613,8666,8547,8604,8625,8626,8568,8605,5694,8635,8636,8600
13,8607,5680,5700,8613,8666,8547,8607,8625,8622,8568,8605,5693,8634,8637,8601
13,8606,5673,5675,8609,8667,8545,8604,8624,8623,8570,8604,5686,8639,8649,8608
14,8607,5663,5660,8610,8667,8546,8604,8622,8624,8569,8604,5682,8639,8643,8608
14,8607,5663,5661,8610,8667,8547,8604,8623,8624,8569,8603,5677,8639,8641,8609
14,8607,5661,5660,8610,8667,8547,8604,8621,8624,8571,8605,5679,8639,8640,8609
14,8607,5661,5660,8610,8668,8546,8605,8623,8625,8571,8604,5674,8639,8639,8610
14,8607,5660,5660,8610,8667,8546,8604,8622,8625,8571,8605,5677,8638,8639,8609
13,8607,5660,5658,8610,8667,8547,8604,8622,8624,8570,8606,5682,8638,8638,8609
14,8607,5664,5659,8610,8668,8546,8605,8622,8626,8572,8605,5683,8639,8638,8609
13,8607,5661,5657,8610,8668,8547,8605,8622,8624,8571,8605,5677,8638,8638,8610
13,8608,5662,5657,8610,8668,8546,8605,8624,8625,8570,8604,5689,8638,8639,8609
14,8607,5663,5660,8610,8667,8546,8605,8622,8625,8571,8607,5677,8637,8637,8609
13,8607,5663,5658,8610,8668,8547,8605,8623,8623,8571,8604,5676,8637,8638,8610
13,8607,5663,5656,8610,8668,8547,8605,8623,8624,8571,8603,5678,8637,8638,8609
13,8607,5664,5654,8610,8668,8546,8605,8623,8626,8571,8605,5684,8637,8638,8608
14,8607,5663,5656,8610,8668,8547,8604,8624,8625,8571,8605,5681,8637,8638,8609
14,8607,5663,5654,8610,8667,8547,8605,8622,8625,8571,8605,5686,8637,8637,8609
14,8608,5661,5657,8610,8668,8546,8605,8624,8624,8571,8605,5684,8636,8638,8608
14,8607,5661,5653,8610,8668,8547,8606,8622,8624,8573,8605,5683,8636,8637,8609
13,8607,5661,5658,8610,8667,8547,8605,8623,8623,8571,8606,5677,8638,8639,8610
14,8607,5662,5655,8610,8668,8547,8605,8622,8625,8571,8604,5683,8637,8639,8609
14,8607,5663,5657,8609,8668,8546,8604,8623,8625,8570,8605,5677,8637,8638,8611
14,8608,5663,5655,8610,8667,8546,8605,8623,8625,8571,8605,5677,8637,8638,8610
14,8608,5661,5656,8611,8667,8547,8605,8623,8624,8572,8605,5682,8636,8638,8609
13,8607,5662,5654,8610,8668,8547,8605,8622,8625,8571,8606,5684,8636,8636,8610
14,8607,5658,5652,8618,8667,8554,8608,8627,8623,8569,8604,5677,8631,8626,8602
13,8608,5644,5633,8614,8668,8548,8606,8626,8624,8569,8606,5673,8634,8632,8602
13,8608,5642,5622,8614,8668,8548,8606,8626,8624,8569,8605,5668,8635,8635,8602
14,8608,5643,5620,8614,8668,8549,8607,8627,8625,8571,8606,5675,8635,8636,8603
14,8608,5646,5632,8614,8668,8549,8606,8626,8624,8569,8605,5675,8636,8638,8602
13,8608,5648,5636,8614,8668,8548,8606,8626,8625,8569,8604,5677,8635,8638,8602
13,8608,5650,5637,8614,8668,8549,8607,8627,8625,8570,8606,5676,8636,8638,8602
14,8608,5655,5645,8614,8668,8549,8606,8626,8623,8570,8605,5683,8637,8639,8602
14,8609,5661,5656,8614,8668,8549,8607,8626,8626,8572,8605,5679,8636,8639,8602
14,8608,5659,5655,8614,8668,8548,8607,8626,8625,8570,8605,5681,8635,8636,8602
14,8608,5662,5655,8614,8667,8548,8606,8626,8624,8570,8603,5680,8636,8638,8601
13,8608,5661,5657,8614,8667,8548,8606,8627,8624,8570,8604,5683,8636,8639,8602
14,8608,5662,5655,8614,8667,8548,8606,8627,8625,8570,8605,5679,8637,8638,8600
14,8608,5663,5657,8614,8667,8548,8606,8627,8623,8570,8606,5684,8636,8638,8600
13,8608,5662,5656,8615,8668,8548,8606,8627,8625,8571,8607,5678,8636,8638,8601
14,8607,5662,5656,8614,8668,8548,8606,8625,8624,8569,8604,5682,8636,8638,8602
13,8608,5662,5655,8614,8668,8548,8606,8624,8623,8569,8603,5682,8636,8638,8602
13,8608,5661,5655,8614,8667,8548,8606,8627,8624,8570,8605,5690,8637,8638,8601
13,8608,5663,5655,8614,8668,8548,8606,8626,8624,8569,8606,5683,8637,8638,8600
13,8607,5663,5656,8614,8667,8548,8606,8626,8624,8569,8604,5681,8637,8638,8601
14,8607,5663,5656,8614,8667,8548,8606,8628,8625,8568,8605,5682,8635,8638,8601
13,8608,5662,5654,8614,8668,8548,8606,8628,8625,8568,8605,5682,8637,8638,8602
14,8608,5664,5655,8614,8668,8548,8606,8627,8624,8570,8605,5676,8637,8637,8601
13,8607,5663,5658,8614,8668,8548,8606,8627,8624,8567,8605,5675,8637,8639,8602
13,8608,5663,5658,8614,8668,8548,8606,8627,8625,8571,8606,5675,8637,8637,8602
14,8608,5664,5659,8614,8668,8548,8606,8626,8625,8569,8605,5675,8637,8638,8602
14,8608,5663,5656,8614,8668,8548,8606,8625,8625,8568,8604,5681,8637,8638,8600
13,8607,5662,5659,8614,8667,8548,8606,8627,8625,8570,8603,5683,8637,8638,8601
13,8608,5663,5658,8614,8667,8548,8606,8627,8624,8568,8604,5680,8637,8638,8601
14,8608,5663,5652,8613,8667,8548,8606,8627,8623,8570,8604,5679,8636,8638,8601
14,8608,5660,5655,8614,8668,8548,8607,8627,8624,8568,8605,5679,8636,8638,8601
13,8608,5663,5656,8613,8667,8547,8605,8626,8623,8567,8604,5678,8634,8635,8599
14,8606,5660,5653,8612,8665,8546,8604,8624,8621,8567,8602,5679,8633,8635,8599
13,8605,5659,5655,8612,8665,8546,8604,8624,8621,8567,8602,5683,8634,8636,8598
13,8606,5662,5653,8612,8665,8546,8603,8625,8620,8568,8602,5681,8633,8635,8598
14,8605,5662,5656,8611,8665,8546,8603,8624,8622,8567,8602,5681,8634,8636,8599
14,8605,5661,5652,8611,8665,8546,8603,8626,8622,8569,8605,5674,8635,8635,8598
13,8606,5662,5656,8613,8666,8546,8604,8626,8623,8569,8603,5676,8635,8637,8599
13,8607,5662,5658,8613,8667,8547,8605,8627,8625,8569,8605,5675,8636,8637,8600
14,8608,5660,5656,8614,8666,8547,8604,8626,8624,8568,8604,5677,8635,8637,8600
14,8607,5662,5656,8614,8667,8548,8605,8627,8623,8568,8605,5684,8637,8638,8601
13,8608,5662,5658,8614,8667,8547,8605,8626,8623,8570,8606,5679,8636,8638,8600
14,8608,5663,5658,8614,8667,8548,8606,8627,8624,8569,8604,5676,8636,8637,8601
14,8608,5662,5658,8614,8667,8548,8606,8626,8624,8566,8606,5681,8636,8638,8602
14,8608,5663,5656,8614,8667,8548,8606,8627,8624,8569,8605,5681,8636,8639,8601
14,8608,5663,5659,8613,8667,8547,8606,8626,8625,8568,8603,5680,8637,8638,8602
14,8608,5662,5655,8614,8667,8548,8606,8626,8625,8570,8605,5682,8636,8638,8602
14,8608,5660,5660,8614,8667,8548,8606,8625,8624,8570,8605,5684,8637,8639,8601
14,8608,5661,5656,8613,8667,8548,8605,8626,8623,8568,8606,5683,8637,8638,8601
13,8607,5664,5657,8614,8667,8548,8606,8626,8624,8571,8605,5680,8637,8638,8602
13,8608,5661,5660,8614,8667,8548,8606,8626,8624,8569,8604,5677,8636,8637,8601
13,8608,5661,5657,8614,8667,8548,8606,8627,8623,8569,8605,5678,8637,8637,8601
14,8608,5662,5654,8613,8667,8548,8605,8628,8623,8568,8605,5685,8637,8638,8601
13,8608,5661,5651,8614,8667,8548,8606,8627,8624,8570,8604,5678,8637,8638,8601
14,8608,5661,5657,8614,8667,8548,8606,8627,8626,8570,8604,5689,8636,8638,8601
12,8608,5664,5660,8614,8667,8548,8606,8627,8626,8570,8605,5680,8637,8639,8602
13,8609,5664,5663,8614,8668,8548,8606,8627,8624,8569,8604,5675,8637,8637,8602
14,8608,5663,5659,8614,8668,8548,8606,8627,8625,8570,8604,5676,8637,8638,8602
14,8608,5664,5657,8614,8668,8548,8606,8626,8625,8567,8604,5680,8637,8638,8602
13,8608,5664,5654,8615,8668,8548,8606,8627,8623,8570,8603,5685,8637,8638,8602
14,8608,5664,5653,8614,8667,8548,8606,8627,8625,8570,8604,5680,8636,8638,8601
13,8608,5661,5659,8614,8668,8548,8606,8628,8625,8570,8605,5679,8637,8638,8602
14,8608,5667,5663,8614,8668,8548,8606,8626,8625,8569,8605,5691,8637,8638,8602
13,8608,5673,5677,8614,8667,8548,8606,8627,8625,8571,8604,5684,8637,8638,8601
13,8608,5676,5682,8614,8667,8548,8606,8627,8624,8570,8604,5682,8636,8637,8602
13,8608,5678,5684,8614,8667,8547,8606,8625,8623,8569,8604,5682,8637,8638,8601
14,8607,5680,5692,8613,8667,8548,8606,8626,8622,8569,8605,5688,8636,8637,8601
14,8607,5686,5704,8613,8666,8547,8604,8627,8623,8568,8603,5694,8635,8636,8600
13,8609,5680,5698,8615,8666,8550,8606,8626,8624,8568,8604,5678,8636,8641,8616
14,8606,5667,5665,8615,8667,8545,8604,8625,8624,8570,8604,5677,8638,8647,8622
14,8606,5664,5662,8616,8667,8545,8603,8625,8623,8569,8604,5681,8639,8642,8621
14,8607,5665,5660,8616,8666,8546,8604,8625,8623,8569,8604,5676,8639,8640,8620
14,8607,5664,5658,8616,8667,8546,8604,8626,8625,8570,8605,5679,8639,8640,8621
14,8607,5665,5659,8616,8667,8546,8604,8625,8624,8570,8605,5681,8639,8640,8622
13,8608,5661,5659,8616,8667,8546,8604,8625,8624,8570,8604,5681,8638,8639,8621
13,8607,5660,5659,8617,8667,8546,8604,8626,8626,8572,8606,5678,8638,8639,8621
14,8607,5662,5654,8616,8667,8546,8604,8624,8624,8570,8604,5679,8637,8638,8621
13,8607,5661,5659,8616,8667,8546,8604,8625,8623,8570,8605,5680,8638,8638,8621
14,8607,5661,5659,8616,8667,8546,8604,8626,8623,8571,8604,5682,8638,8638,8621
13,8607,5662,5657,8616,8668,8546,8604,8625,8624,8569,8606,5678,8637,8639,8620
14,8607,5664,5656,8617,8667,8547,8605,8626,8625,8570,8606,5683,8637,8638,8621
14,8608,5663,5658,8617,8667,8547,8604,8627,8625,8571,8604,5681,8637,8638,8621
13,8607,5662,5657,8617,8668,8547,8604,8627,8625,8570,8605,5679,8638,8639,8622
14,8608,5665,5658,8618,8668,8547,8604,8626,8624,8570,8606,5687,8638,8638,8621
14,8608,5664,5659,8617,8667,8547,8605,8625,8625,8568,8605,5677,8639,8639,8621
14,8608,5663,5657,8617,8667,8546,8605,8623,8625,8571,8607,5679,8638,8638,8620
14,8607,5664,5655,8617,8668,8547,8605,8627,8625,8571,8605,5677,8638,8640,8621
13,8608,5662,5655,8617,8667,8547,8605,8626,8625,8570,8604,5687,8637,8639,8621
14,8607,5664,5658,8617,8667,8547,8604,8626,8626,8570,8604,5680,8638,8639,8620
14,8608,5663,5655,8617,8668,8547,8605,8624,8625,8569,8606,5674,8638,8638,8622
13,8608,5664,5655,8617,8668,8547,8605,8626,8623,8570,8605,5681,8638,8638,8620
14,8607,5661,5660,8617,8667,8547,8604,8625,8622,8569,8605,5686,8637,8638,8621
14,8608,5663,5657,8617,8667,8548,8605,8626,8625,8570,8607,5682,8636,8627,8616
13,8607,5659,5647,8613,8667,8547,8608,8626,8624,8567,8605,5679,8634,8629,8603
14,8608,5639,5623,8614,8668,8549,8606,8629,8626,8570,8606,5669,8635,8634,8603
14,8608,5643,5624,8615,8668,8549,8607,8627,8626,8570,8605,5670,8635,8637,8603
13,8610,5645,5632,8616,8669,8549,8608,8628,8625,8570,8607,5681,8637,8637,8603
13,8609,5649,5634,8615,8668,8550,8608,8627,8627,8569,8606,5677,8636,8638,8603
13,8608,5647,5640,8615,8668,8549,8607,8628,8626,8571,8606,5684,8637,8638,8602
14,8608,5650,5645,8615,8668,8549,8607,8627,8626,8571,8604,5679,8637,8639,8602
14,8609,5660,5653,8616,8668,8549,8607,8628,8626,8570,8604,5679,8636,8638,8603
14,8609,5660,5657,8616,8668,8548,8606,8626,8625,8570,8606,5685,8637,8639,8603
14,8609,5661,5658,8615,8668,8549,8607,8627,8626,8568,8606,5683,8636,8639,8602
13,8609,5663,5657,8615,8669,8549,8607,8627,8626,8570,8605,5677,8638,8639,8601
14,8609,5661,5654,8615,8668,8549,8607,8627,8624,8571,8605,5685,8637,8638,8601
14,8609,5662,5656,8614,8668,8549,8607,8628,8624,8570,8606,5678,8636,8638,8601
14,8609,5662,5657,8615,8668,8548,8607,8627,8625,8569,8605,5683,8637,8637,8602
14,8609,5663,5656,8615,8668,8548,8607,8627,8623,8569,8607,5682,8636,8639,8601
14,8608,5663,5656,8616,8668,8549,8607,8627,8624,8570,8605,5678,8636,8638,8601
13,8609,5661,5659,8615,8668,8549,8607,8627,8624,8570,8605,5682,8637,8639,8601
14,8609,5664,5656,8615,8668,8549,8607,8625,8624,8570,8605,5686,8638,8638,8602
14,8608,5663,5656,8615,8668,8548,8607,8627,8625,8570,8604,5678,8637,8638,8602
13,8608,5661,5657,8615,8668,8549,8607,8626,8625,8568,8603,5678,8637,8639,8601
14,8608,5661,5656,8615,8667,8549,8607,8627,8625,8569,8605,5683,8638,8639,8602
14,8609,5662,5657,8615,8668,8549,8607,8627,8625,8570,8606,5683,8637,8638,8602
13,8608,5662,5657,8615,8668,8549,8607,8627,8625,8571,8605,5680,8637,8639,8602
14,8609,5662,5660,8615,8668,8549,8607,8626,8625,8570,8605,5686,8637,8638,8602
14,8609,5662,5658,8615,8668,8549,8607,8627,8624,8569,8604,5677,8637,8637,8602
14,8608,5661,5658,8615,8668,8549,8607,8626,8624,8570,8605,5682,8637,8639,8602
14,8609,5663,5659,8616,8668,8549,8606,8627,8624,8570,8605,5681,8637,8638,8602
13,8608,5664,5658,8615,8668,8549,8607,8627,8624,8570,8604,5686,8636,8638,8602
14,8609,5661,5656,8615,8668,8548,8606,8628,8625,8569,8604,5682,8637,8639,8602
14,8609,5664,5658,8615,8668,8549,8607,8626,8626,8569,8605,5680,8637,8638,8601
13,8608,5662,5657,8615,8668,8549,8607,8625,8624,8568,8606,5677,8636,8639,8601
14,8608,5662,5657,8616,8668,8549,8607,8628,8623,8570,8604,5683,8638,8638,8602
13,8608,5662,5654,8615,8668,8549,8606,8629,8625,8570,8606,5683,8637,8639,8601
14,8609,5663,5655,8615,8668,8549,8607,8626,8625,8570,8605,5684,8637,8638,8601
14,8607,5664,5657,8614,8667,8548,8606,8626,8624,8568,8605,5677,8636,8637,8602
13,8609,5664,5658,8616,8668,8550,8607,8628,8625,8571,8605,5682,8637,8638,8602
13,8609,5660,5662,8616,8668,8549,8606,8626,8624,8570,8605,5681,8637,8637,8601
13,8608,5663,5661,8615,8668,8548,8606,8626,8625,8570,8605,5679,8635,8636,8600
13,8607,5662,5658,8614,8666,8547,8605,8624,8623,8568,8605,5681,8635,8635,8599
13,8607,5660,5657,8614,8667,8548,8606,8626,8624,8567,8604,5680,8635,8636,8600
13,8607,5663,5661,8614,8667,8548,8605,8625,8623,8568,8604,5681,8634,8637,8599
14,8607,5663,5653,8614,8666,8548,8605,8626,8622,8566,8605,5681,8635,8636,8599
13,8607,5663,5656,8614,8666,8547,8604,8623,8623,8567,8605,5676,8634,8636,8600
14,8607,5664,5656,8613,8665,8547,8605,8625,8620,8568,8603,5676,8634,8635,8598
13,8607,5661,5658,8613,8666,8546,8604,8625,8623,8566,8604,5683,8634,8635,8598
14,8605,5663,5657,8612,8664,8545,8603,8623,8621,8566,8601,5682,8633,8634,8598
14,8605,5662,5656,8611,8664,8546,8603,8623,8620,8566,8602,5676,8633,8634,8597
13,8604,5662,5658,8610,8662,8543,8602,8622,8620,8564,8601,5680,8631,8633,8598
14,8603,5663,5654,8608,8661,8542,8600,8621,8619,8564,8599,5675,8629,8631,8594
14,8600,5661,5657,8607,8658,8540,8597,8617,8615,8560,8597,5674,8627,8629,8592
13,8600,5661,5655,8605,8659,8540,8598,8616,8615,8561,8596,5675,8626,8629,8592
