14,8583,5653,5653,8593,8645,8526,8583,8602,8600,8545,8580,5676,8616,8617,8582
14,8583,5655,5650,8593,8645,8526,8583,8604,8599,8547,8581,5673,8616,8617,8582
13,8583,5655,5648,8593,8644,8526,8583,8605,8603,8546,8584,5673,8616,8617,8582
13,8583,5656,5649,8593,8645,8527,8583,8602,8602,8549,8583,5671,8616,8616,8582
14,8583,5656,5650,8594,8645,8527,8583,8602,8602,8546,8582,5674,8615,8617,8581
14,8582,5657,5651,8594,8645,8526,8583,8602,8600,8544,8584,5672,8615,8617,8581
13,8583,5658,5648,8593,8645,8526,8583,8603,8601,8548,8582,5677,8615,8617,8582
13,8583,5654,5650,8593,8645,8526,8583,8600,8601,8548,8583,5680,8616,8616,8582
14,8583,5655,5650,8593,8645,8526,8583,8602,8600,8547,8583,5677,8616,8617,8582
13,8583,5654,5649,8593,8645,8526,8583,8604,8600,8548,8583,5673,8615,8617,8582
13,8583,5657,5650,8593,8644,8526,8583,8602,8601,8546,8582,5673,8615,8616,8581
13,8583,5654,5655,8594,8645,8527,8584,8603,8601,8547,8583,5673,8615,8618,8582
13,8583,5657,5656,8593,8645,8526,8583,8602,8600,8546,8583,5671,8615,8616,8582
14,8583,5658,5657,8594,8645,8526,8583,8603,8602,8548,8584,5671,8616,8617,8582
13,8583,5658,5655,8594,8645,8526,8583,8602,8602,8545,8582,5672,8616,8617,8582
13,8584,5658,5659,8594,8645,8526,8583,8602,8603,8546,8583,5674,8615,8617,8581
13,8583,5657,5660,8598,8645,8560,8651,8604,8600,8545,8582,5677,8614,8617,8585
13,8584,5656,5655,8599,8644,8578,8650,8602,8600,8544,8581,5672,8615,8617,8586
14,8584,5655,5651,8599,8644,8578,8649,8605,8601,8545,8581,5675,8615,8616,8587
13,8584,5654,5650,8599,8644,8577,8647,8604,8601,8545,8580,5672,8615,8615,8586
14,8584,5657,5648,8599,8644,8577,8646,8600,8599,8545,8582,5673,8616,8616,8586
13,8584,5656,5646,8598,8644,8576,8645,8600,8600,8544,8582,5671,8615,8616,8586
14,8583,5654,5651,8598,8644,8576,8644,8601,8600,8545,8581,5675,8614,8616,8585
13,8584,5657,5648,8598,8644,8575,8644,8601,8600,8545,8582,5674,8615,8616,8586
13,8584,5654,5647,8599,8644,8574,8644,8601,8600,8546,8581,5675,8614,8615,8586
13,8584,5653,5648,8599,8643,8574,8643,8599,8599,8545,8580,5677,8615,8615,8586
13,8583,5653,5650,8598,8644,8574,8643,8603,8600,8546,8581,5675,8613,8615,8585
13,8583,5654,5650,8598,8644,8574,8642,8602,8600,8545,8581,5669,8614,8615,8586
13,8583,5653,5647,8598,8644,8574,8642,8603,8599,8545,8582,5669,8614,8615,8586
13,8583,5654,5648,8598,8643,8573,8642,8602,8599,8546,8582,5674,8615,8616,8586
13,8583,5655,5652,8598,8643,8572,8641,8603,8599,8546,8579,5673,8614,8616,8586
14,8584,5652,5650,8599,8643,8572,8641,8604,8600,8545,8580,5679,8613,8614,8586
13,8583,5655,5647,8599,8643,8572,8641,8602,8600,8546,8583,5672,8614,8615,8585
13,8583,5652,5650,8596,8643,8550,8634,8603,8599,8546,8580,5676,8614,8614,8583
13,8581,5647,5643,8590,8642,8510,8567,8600,8597,8543,8580,5675,8613,8613,8579
13,8581,5653,5639,8591,8642,8512,8568,8600,8598,8544,8581,5674,8613,8614,8580
14,8581,5651,5642,8591,8642,8513,8569,8601,8599,8545,8582,5675,8612,8613,8579
13,8581,5651,5646,8590,8643,8514,8570,8601,8599,8544,8582,5674,8613,8614,8580
14,8581,5653,5644,8591,8643,8515,8571,8601,8598,8543,8580,5672,8613,8615,8579
13,8580,5651,5644,8591,8642,8515,8571,8600,8601,8544,8580,5675,8612,8614,8579
13,8581,5652,5647,8591,8642,8516,8572,8601,8596,8543,8580,5668,8612,8613,8579
13,8581,5653,5650,8590,8641,8516,8572,8599,8597,8544,8579,5672,8613,8613,8579
14,8580,5652,5646,8590,8642,8516,8573,8599,8598,8544,8581,5671,8613,8613,8578
13,8580,5651,5647,8590,8641,8516,8573,8598,8598,8545,8580,5672,8612,8614,8579
13,8580,5651,5650,8590,8641,8516,8573,8601,8599,8544,8578,5673,8611,8614,8578
14,8581,5652,5649,8590,8641,8516,8574,8599,8599,8545,8579,5670,8612,8614,8578
13,8581,5656,5648,8590,8641,8517,8574,8599,8598,8545,8578,5675,8613,8612,8578
13,8580,5652,5649,8590,8642,8517,8574,8600,8596,8544,8582,5670,8612,8613,8579
14,8580,5655,5648,8591,8642,8518,8575,8600,8598,8544,8580,5671,8612,8613,8579
13,8580,5654,5645,8590,8641,8517,8575,8601,8600,8545,8579,5669,8612,8613,8579
13,8580,5654,5646,8591,8642,8518,8575,8599,8598,8544,8578,5669,8612,8613,8578
14,8580,5650,5645,8590,8641,8518,8575,8600,8598,8543,8578,5673,8612,8614,8578
13,8581,5655,5647,8590,8641,8518,8575,8600,8599,8542,8580,5672,8612,8614,8577
13,8580,5654,5648,8590,8641,8518,8575,8601,8599,8542,8582,5671,8613,8613,8578
13,8580,5654,5649,8590,8641,8518,8575,8600,8598,8543,8579,5675,8612,8612,8578
13,8580,5650,5648,8590,8641,8518,8575,8602,8598,8543,8578,5676,8611,8613,8579
13,8580,5653,5647,8591,8642,8519,8576,8600,8600,8544,8578,5671,8612,8614,8578
13,8579,5658,5652,8590,8641,8519,8575,8598,8598,8544,8580,5674,8612,8613,8578
13,8580,5653,5647,8590,8640,8518,8575,8598,8597,8543,8577,5672,8611,8613,8578
13,8579,5654,5646,8589,8640,8518,8575,8599,8598,8544,8578,5674,8611,8613,8578
13,8580,5655,5650,8590,8640,8518,8575,8600,8596,8544,8578,5671,8611,8613,8576
14,8579,5654,5649,8590,8641,8519,8575,8599,8600,8544,8578,5682,8611,8614,8578
14,8581,5654,5649,8590,8642,8520,8577,8599,8599,8544,8579,5670,8612,8614,8579
14,8580,5652,5649,8590,8641,8519,8576,8598,8600,8545,8581,5675,8612,8614,8579
13,8580,5656,5650,8590,8641,8519,8576,8600,8597,8544,8578,5671,8611,8613,8578
14,8580,5650,5648,8590,8641,8520,8576,8599,8597,8542,8579,5671,8612,8613,8578
14,8580,5654,5649,8590,8642,8520,8577,8600,8594,8543,8579,5671,8612,8612,8578
14,8580,5656,5646,8590,8641,8520,8576,8599,8596,8542,8579,5670,8612,8612,8578
14,8580,5654,5650,8590,8641,8520,8576,8601,8598,8542,8578,5672,8611,8613,8579
13,8580,5650,5649,8590,8641,8520,8576,8601,8598,8543,8579,5675,8610,8613,8578
13,8580,5653,5647,8590,8642,8520,8576,8598,8599,8542,8580,5673,8612,8613,8578
13,8581,5654,5646,8590,8641,8520,8577,8599,8596,8543,8578,5672,8612,8613,8577
14,8579,5654,5648,8590,8641,8520,8577,8599,8596,8544,8579,5672,8611,8612,8578
14,8580,5653,5646,8590,8641,8521,8577,8599,8599,8543,8578,5672,8612,8613,8578
13,8580,5652,5647,8590,8641,8520,8576,8599,8597,8542,8581,5675,8612,8613,8578
14,8580,5651,5650,8591,8641,8520,8577,8599,8595,8543,8580,5674,8613,8613,8578
13,8580,5651,5649,8590,8641,8520,8577,8599,8599,8545,8580,5672,8611,8613,8578
14,8580,5656,5652,8590,8641,8520,8577,8598,8595,8544,8578,5671,8613,8613,8578
14,8580,5652,5648,8590,8641,8520,8577,8598,8598,8543,8578,5676,8613,8613,8578
14,8580,5654,5652,8590,8641,8521,8577,8598,8598,8545,8578,5668,8613,8613,8578
14,8580,5657,5653,8590,8641,8520,8577,8600,8598,8543,8580,5673,8611,8611,8578
14,8580,5655,5652,8591,8642,8520,8577,8600,8598,8543,8580,5671,8612,8613,8578
14,8580,5653,5656,8591,8641,8521,8578,8602,8599,8544,8579,5674,8613,8614,8579
14,8581,5658,5654,8591,8642,8521,8577,8600,8599,8545,8579,5675,8612,8614,8578
13,8581,5659,5655,8591,8643,8522,8579,8600,8598,8544,8578,5674,8613,8614,8579
13,8580,5660,5657,8589,8641,8518,8573,8598,8598,8543,8580,5674,8612,8612,8578
13,8580,5651,5654,8589,8641,8518,8572,8596,8598,8544,8579,5672,8612,8615,8579
13,8580,5653,5650,8589,8642,8518,8573,8598,8598,8545,8581,5671,8613,8614,8579
13,8580,5655,5648,8589,8641,8519,8573,8596,8599,8544,8579,5677,8612,8613,8579
14,8580,5654,5649,8589,8641,8519,8572,8596,8597,8545,8579,5670,8612,8614,8578
14,8580,5654,5649,8589,8642,8518,8573,8599,8600,8545,8579,5673,8611,8614,8579
14,8580,5656,5648,8589,8641,8519,8573,8597,8599,8544,8578,5672,8612,8613,8579
14,8580,5651,5649,8589,8641,8520,8573,8597,8600,8546,8580,5666,8612,8613,8579
13,8581,5655,5650,8590,8642,8519,8573,8597,8598,8544,8578,5674,8612,8614,8579
13,8580,5654,5648,8590,8642,8519,8573,8598,8600,8542,8580,5671,8613,8615,8580
14,8581,5653,5648,8590,8642,8519,8573,8599,8599,8544,8580,5675,8612,8613,8579
13,8581,5653,5649,8590,8642,8520,8573,8598,8599,8545,8578,5674,8612,8613,8579
13,8581,5655,5650,8589,8642,8519,8573,8599,8599,8546,8579,5674,8612,8615,8579
13,8581,5654,5650,8589,8641,8520,8573,8599,8599,8545,8580,5676,8612,8614,8580
13,8581,5653,5647,8590,8642,8520,8574,8598,8599,8543,8580,5667,8613,8614,8579
13,8580,5651,5653,8590,8642,8520,8574,8598,8599,8546,8579,5676,8612,8613,8579
14,8581,5656,5648,8590,8642,8520,8573,8601,8598,8543,8582,5679,8613,8613,8580
14,8580,5654,5640,8591,8642,8522,8578,8599,8598,8545,8579,5672,8612,8613,8580
13,8580,5650,5640,8591,8641,8522,8577,8596,8597,8542,8579,5676,8612,8612,8578
13,8581,5650,5646,8590,8641,8522,8578,8599,8601,8544,8580,5674,8613,8614,8579
13,8581,5653,5640,8590,8641,8522,8578,8600,8598,8543,8579,5676,8612,8613,8579
14,8580,5651,5646,8591,8642,8522,8578,8601,8599,8545,8579,5672,8612,8613,8579
13,8581,5650,5647,8591,8641,8522,8578,8600,8598,8544,8579,5677,8612,8613,8578
13,8581,5653,5649,8591,8641,8522,8579,8600,8597,8545,8578,5671,8612,8612,8579
13,8580,5651,5648,8591,8641,8522,8578,8599,8600,8545,8580,5674,8612,8614,8578
14,8580,5654,5648,8591,8641,8522,8578,8600,8596,8544,8578,5676,8611,8613,8578
13,8581,5653,5650,8591,8641,8522,8578,8599,8598,8543,8579,5672,8611,8613,8578
14,8580,5654,5649,8591,8641,8522,8578,8600,8597,8542,8579,5676,8611,8613,8578
13,8581,5654,5644,8590,8641,8521,8578,8601,8598,8543,8578,5668,8612,8613,8578
14,8581,5651,5647,8591,8641,8522,8578,8599,8599,8545,8578,5676,8612,8614,8578
13,8581,5654,5648,8590,8641,8521,8578,8599,8598,8543,8578,5672,8612,8613,8578
14,8580,5650,5646,8590,8641,8522,8578,8599,8598,8543,8580,5673,8613,8612,8578
14,8580,5652,5648,8590,8641,8522,8578,8600,8600,8542,8579,5674,8612,8614,8578
13,8580,5653,5649,8590,8641,8522,8578,8599,8598,8543,8578,5669,8611,8612,8578
14,8580,5656,5646,8590,8641,8522,8578,8600,8598,8543,8578,5671,8611,8614,8579
14,8580,5655,5647,8590,8641,8522,8578,8599,8597,8543,8579,5670,8611,8613,8578
13,8581,5654,5649,8590,8641,8522,8578,8598,8596,8544,8578,5672,8611,8612,8579
14,8581,5653,5650,8590,8640,8522,8578,8599,8598,8545,8578,5677,8611,8613,8578
14,8580,5655,5649,8590,8641,8522,8579,8599,8598,8542,8578,5674,8612,8612,8578
13,8581,5652,5649,8591,8641,8523,8578,8599,8597,8545,8580,5671,8611,8614,8578
13,8581,5654,5650,8590,8641,8522,8578,8600,8598,8540,8576,5675,8610,8612,8576
13,8577,5652,5648,8587,8638,8519,8575,8596,8593,8539,8574,5675,8607,8609,8574
13,8578,5652,5648,8587,8639,8520,8576,8597,8596,8543,8575,5676,8608,8610,8575
13,8581,5655,5650,8590,8641,8522,8579,8601,8599,8544,8581,5672,8613,8614,8579
13,8581,5656,5649,8590,8641,8523,8579,8600,8601,8546,8580,5678,8615,8616,8581
14,8585,5657,5650,8595,8646,8528,8584,8606,8602,8551,8584,5674,8619,8620,8585
14,8588,5655,5656,8598,8649,8530,8586,8606,8606,8552,8586,5677,8620,8621,8586
14,8588,5656,5652,8598,8649,8530,8586,8608,8606,8551,8587,5678,8619,8621,8586
13,8589,5658,5652,8598,8650,8530,8586,8607,8606,8552,8586,5676,8620,8622,8587
13,8589,5657,5650,8599,8649,8531,8587,8607,8607,8552,8589,5676,8620,8622,8588
14,8590,5656,5650,8599,8650,8531,8587,8608,8608,8553,8589,5675,8620,8621,8586
14,8590,5659,5653,8599,8650,8531,8587,8608,8606,8552,8588,5672,8621,8622,8587
14,8590,5658,5653,8599,8650,8531,8587,8607,8607,8552,8588,5675,8621,8621,8587
13,8589,5657,5653,8599,8649,8531,8587,8607,8607,8553,8588,5680,8620,8622,8587
14,8590,5655,5653,8599,8650,8531,8588,8609,8606,8552,8587,5676,8620,8622,8587
13,8590,5658,5654,8599,8650,8531,8587,8609,8607,8553,8587,5678,8620,8622,8587
13,8589,5657,5652,8599,8650,8531,8587,8609,8607,8552,8588,5678,8620,8621,8587
14,8590,5658,5652,8599,8650,8531,8588,8609,8606,8554,8589,5675,8620,8622,8587
13,8590,5659,5652,8599,8650,8532,8587,8607,8607,8552,8585,5678,8620,8621,8586
13,8590,5658,5653,8600,8650,8531,8587,8610,8605,8551,8588,5677,8619,8622,8587
13,8590,5658,5650,8599,8650,8531,8587,8608,8606,8552,8588,5676,8621,8622,8587
13,8590,5658,5649,8599,8650,8531,8587,8608,8607,8553,8589,5679,8620,8622,8587
13,8590,5658,5650,8599,8650,8531,8587,8609,8606,8552,8586,5673,8621,8621,8588
13,8590,5660,5654,8599,8650,8531,8587,8610,8607,8553,8587,5675,8621,8622,8587
13,8590,5656,5657,8599,8650,8532,8587,8608,8608,8551,8587,5682,8621,8621,8588
13,8590,5659,5657,8599,8650,8532,8588,8610,8607,8554,8587,5679,8621,8622,8588
13,8590,5659,5655,8600,8651,8532,8588,8609,8607,8551,8588,5680,8622,8622,8588
13,8591,5661,5655,8600,8651,8532,8588,8609,8607,8556,8588,5678,8621,8623,8588
13,8590,5658,5661,8600,8650,8532,8589,8609,8608,8555,8587,5674,8622,8623,8588
13,8589,5660,5658,8602,8650,8536,8594,8608,8606,8554,8585,5676,8620,8621,8589
13,8590,5659,5651,8602,8649,8536,8593,8608,8608,8553,8587,5675,8621,8621,8589
13,8590,5658,5652,8602,8650,8538,8594,8609,8606,8554,8587,5678,8619,8622,8590
13,8589,5657,5652,8602,8649,8537,8594,8608,8606,8556,8587,5673,8620,8621,8589
14,8590,5656,5652,8602,8650,8537,8594,8609,8607,8554,8587,5676,8620,8622,8590
13,8590,5659,5651,8603,8650,8537,8594,8607,8607,8555,8588,5675,8620,8620,8590
13,8590,5658,5654,8602,8650,8538,8594,8608,8607,8553,8588,5677,8621,8621,8590
13,8590,5657,5651,8603,8650,8538,8594,8609,8609,8554,8587,5674,8620,8622,8590
13,8590,5659,5651,8603,8650,8538,8594,8609,8608,8555,8587,5675,8621,8621,8590
14,8590,5656,5649,8603,8650,8538,8594,8609,8606,8555,8588,5674,8621,8621,8591
14,8591,5660,5652,8603,8650,8538,8594,8609,8607,8556,8586,5671,8621,8622,8590
13,8591,5655,5650,8603,8650,8538,8594,8610,8609,8555,8588,5671,8621,8623,8589
13,8591,5656,5652,8603,8650,8538,8594,8610,8607,8555,8587,5676,8621,8622,8591
13,8591,5658,5650,8603,8650,8538,8594,8610,8606,8554,8588,5676,8622,8622,8590
14,8590,5655,5651,8603,8650,8538,8594,8611,8608,8556,8589,5673,8619,8622,8590
13,8590,5660,5652,8603,8651,8538,8594,8609,8609,8555,8588,5680,8621,8621,8590
13,8590,5655,5648,8603,8651,8535,8592,8610,8609,8556,8588,5678,8620,8622,8588
13,8591,5652,5647,8601,8650,8532,8587,8610,8604,8553,8589,5674,8621,8622,8588
14,8591,5655,5645,8601,8651,8532,8588,8611,8608,8553,8587,5678,8622,8622,8588
14,8591,5656,5648,8601,8651,8532,8588,8610,8606,8555,8589,5673,8622,8623,8588
13,8591,5653,5649,8601,8650,8532,8588,8610,8607,8554,8589,5682,8621,8622,8587
14,8591,5658,5649,8601,8651,8532,8589,8611,8608,8552,8588,5675,8621,8622,8588
13,8590,5657,5650,8600,8650,8531,8588,8609,8607,8551,8587,5670,8620,8621,8588
14,8590,5657,5648,8601,8650,8533,8588,8611,8606,8553,8588,5678,8620,8621,8588
13,8590,5659,5651,8600,8649,8532,8589,8610,8607,8555,8587,5679,8621,8622,8588
13,8591,5655,5653,8601,8650,8532,8589,8610,8606,8553,8588,5678,8621,8621,8587
14,8591,5657,5652,8601,8650,8532,8589,8609,8607,8551,8587,5675,8620,8622,8588
13,8591,5656,5651,8601,8650,8532,8588,8609,8608,8553,8588,5677,8621,8622,8587
14,8591,5659,5652,8601,8650,8532,8588,8609,8608,8552,8585,5681,8620,8621,8586
14,8591,5655,5651,8600,8650,8532,8589,8610,8606,8552,8588,5680,8621,8623,8587
13,8591,5658,5654,8601,8650,8532,8589,8610,8607,8552,8589,5673,8620,8622,8588
14,8591,5655,5651,8600,8650,8532,8589,8609,8607,8554,8588,5675,8621,8623,8587
13,8590,5658,5653,8601,8650,8532,8589,8611,8608,8553,8588,5677,8621,8622,8588
14,8591,5657,5652,8601,8650,8533,8590,8609,8607,8552,8586,5677,8621,8621,8587
13,8590,5656,5653,8601,8650,8532,8589,8610,8607,8552,8587,5675,8620,8622,8588
13,8591,5656,5651,8600,8650,8532,8589,8609,8607,8553,8588,5675,8620,8622,8587
14,8591,5658,5650,8601,8650,8532,8589,8608,8606,8553,8586,5677,8620,8621,8587
13,8591,5657,5652,8600,8650,8532,8589,8609,8606,8553,8587,5675,8620,8622,8587
13,8590,5658,5652,8600,8650,8532,8588,8610,8606,8552,8587,5673,8621,8621,8587
13,8591,5659,5652,8600,8649,8531,8588,8608,8608,8551,8584,5676,8619,8620,8585
14,8591,5658,5656,8600,8650,8533,8590,8612,8608,8554,8589,5678,8621,8623,8589
14,8592,5661,5660,8603,8652,8535,8591,8612,8610,8553,8589,5682,8622,8623,8588
14,8592,5660,5657,8601,8651,8533,8590,8611,8609,8554,8587,5679,8622,8624,8589
14,8594,5657,5651,8603,8652,8535,8592,8613,8610,8554,8591,5677,8624,8624,8589
13,8590,5653,5649,8599,8648,8529,8586,8604,8605,8550,8584,5674,8618,8618,8585
13,8588,5652,5652,8598,8647,8529,8586,8606,8604,8551,8583,5675,8618,8620,8585
14,8587,5665,5650,8596,8646,8528,8585,8606,8604,8551,8584,5676,8617,8618,8583
13,8587,5657,5649,8597,8647,8529,8586,8606,8603,8549,8584,5674,8618,8619,8584
14,8589,5655,5652,8598,8648,8530,8587,8608,8605,8552,8585,5677,8619,8620,8586
13,8589,5658,5652,8599,8649,8531,8587,8607,8606,8552,8586,5678,8618,8620,8586
14,8589,5656,5650,8598,8649,8530,8587,8607,8606,8551,8585,5673,8619,8620,8585
13,8588,5655,5650,8598,8648,8530,8587,8605,8605,8550,8585,5670,8619,8619,8585
14,8588,5657,5650,8598,8648,8530,8586,8606,8605,8551,8585,5675,8619,8620,8586
14,8589,5657,5649,8598,8648,8530,8586,8606,8604,8551,8586,5675,8618,8620,8585
13,8589,5657,5649,8597,8648,8529,8586,8606,8604,8549,8587,5678,8619,8620,8586
14,8589,5656,5650,8598,8648,8530,8587,8608,8605,8551,8584,5674,8619,8620,8586
14,8589,5657,5651,8598,8648,8530,8586,8607,8604,8550,8586,5675,8619,8619,8585
13,8589,5656,5651,8598,8649,8531,8588,8608,8605,8553,8586,5674,8619,8621,8586
13,8590,5658,5649,8599,8649,8531,8587,8608,8607,8551,8586,5674,8619,8620,8586
14,8590,5657,5651,8599,8649,8531,8588,8608,8607,8553,8588,5673,8619,8621,8585
14,8590,5654,5651,8599,8649,8531,8587,8608,8607,8552,8584,5672,8619,8620,8586
14,8590,5657,5652,8599,8649,8531,8587,8609,8606,8550,8586,5678,8619,8621,8586
14,8589,5657,5649,8599,8649,8531,8587,8606,8605,8550,8586,5682,8619,8620,8586
13,8590,5655,5650,8599,8649,8531,8587,8608,8605,8553,8586,5671,8618,8621,8586
13,8590,5659,5655,8599,8649,8530,8587,8608,8606,8552,8587,5675,8619,8620,8586
14,8590,5656,5657,8599,8649,8531,8587,8610,8606,8552,8586,5673,8619,8619,8586
14,8590,5659,5656,8598,8649,8531,8587,8609,8606,8550,8586,5675,8619,8620,8586
13,8591,5656,5654,8599,8649,8531,8588,8608,8606,8552,8587,5676,8619,8622,8586
13,8590,5660,5656,8598,8649,8530,8587,8658,8613,8552,8588,5681,8620,8623,8598
13,8587,5656,5657,8605,8650,8527,8586,8690,8614,8553,8587,5676,8620,8622,8613
13,8587,5656,5651,8606,8649,8528,8585,8689,8617,8552,8587,5674,8620,8622,8614
13,8587,5659,5653,8605,8650,8527,8586,8688,8617,8554,8587,5680,8620,8622,8613
13,8587,5658,5649,8605,8649,8527,8585,8690,8616,8552,8586,5675,8621,8620,8614
13,8587,5657,5653,8605,8649,8527,8585,8689,8616,8552,8586,5679,8620,8621,8613
13,8587,5657,5653,8606,8650,8527,8585,8690,8617,8552,8589,5678,8621,8621,8613
14,8587,5658,5651,8605,8649,8527,8585,8689,8616,8553,8586,5674,8621,8621,8614
13,8588,5658,5651,8605,8650,8527,8586,8687,8616,8553,8586,5673,8620,8620,8614
14,8588,5653,5650,8606,8649,8527,8585,8688,8617,8555,8587,5684,8620,8621,8614
14,8587,5656,5653,8605,8650,8528,8585,8688,8616,8553,8588,5678,8620,8622,8614
14,8589,5658,5652,8605,8650,8527,8585,8687,8616,8552,8587,5674,8621,8621,8615
14,8588,5659,5651,8606,8650,8528,8585,8687,8615,8551,8588,5681,8621,8622,8615
14,8588,5656,5651,8606,8650,8528,8585,8688,8616,8553,8586,5672,8620,8622,8616
14,8588,5658,5653,8606,8649,8528,8586,8687,8615,8553,8586,5675,8621,8621,8615
13,8588,5657,5652,8606,8650,8527,8586,8687,8616,8554,8586,5678,8620,8621,8614
13,8588,5659,5650,8606,8649,8528,8586,8687,8614,8554,8588,5674,8620,8620,8609
13,8590,5657,5648,8601,8650,8532,8588,8614,8608,8554,8588,5676,8619,8619,8589
14,8591,5650,5648,8600,8650,8532,8589,8610,8607,8555,8587,5672,8619,8620,8588
13,8590,5652,5644,8601,8650,8532,8588,8608,8606,8552,8587,5681,8619,8621,8588
14,8590,5654,5646,8600,8649,8532,8588,8608,8606,8550,8586,5676,8620,8620,8588
14,8590,5654,5649,8599,8649,8531,8587,8607,8605,8552,8586,5675,8619,8619,8587
13,8590,5653,5647,8599,8648,8531,8588,8608,8605,8548,8586,5678,8619,8620,8586
13,8590,5656,5649,8600,8649,8531,8587,8606,8602,8551,8586,5677,8620,8621,8586
13,8590,5657,5647,8600,8649,8532,8588,8606,8605,8552,8587,5677,8619,8620,8586
13,8590,5656,5650,8599,8649,8531,8588,8607,8605,8551,8585,5677,8618,8620,8586
14,8590,5657,5650,8599,8648,8531,8587,8607,8605,8551,8586,5675,8618,8620,8585
14,8590,5654,5651,8599,8648,8531,8588,8607,8605,8550,8585,5674,8619,8620,8586
13,8590,5655,5650,8599,8649,8531,8588,8607,8606,8552,8586,5679,8618,8620,8586
13,8590,5658,5649,8599,8648,8531,8587,8606,8605,8551,8586,5675,8619,8620,8585
14,8590,5655,5652,8599,8648,8531,8587,8607,8605,8549,8587,5679,8619,8620,8587
13,8590,5656,5651,8599,8648,8531,8587,8609,8604,8554,8586,5674,8619,8620,8586
13,8590,5656,5649,8599,8649,8531,8588,8608,8605,8552,8586,5673,8620,8621,8586
13,8590,5656,5653,8599,8648,8531,8588,8608,8606,8552,8585,5670,8619,8621,8586
13,8590,5658,5653,8599,8648,8531,8587,8607,8606,8551,8587,5676,8619,8620,8586
13,8590,5657,5650,8598,8648,8531,8587,8606,8605,8550,8586,5674,8619,8620,8586
13,8590,5655,5652,8599,8648,8531,8587,8609,8605,8552,8585,5681,8619,8620,8586
13,8590,5657,5648,8598,8648,8531,8587,8607,8603,8552,8585,5680,8618,8620,8586
14,8590,5658,5652,8599,8648,8531,8587,8607,8603,8550,8585,5673,8620,8620,8586
13,8590,5655,5652,8599,8648,8531,8587,8607,8606,8552,8585,5677,8620,8620,8586
13,8590,5655,5650,8599,8648,8531,8587,8607,8604,8552,8584,5679,8619,8620,8586
13,8590,5655,5651,8599,8648,8531,8588,8605,8602,8551,8586,5672,8619,8620,8586
13,8590,5658,5652,8599,8648,8531,8587,8606,8606,8552,8584,5672,8619,8619,8586
14,8589,5656,5650,8599,8648,8531,8588,8606,8603,8552,8588,5675,8619,8620,8585
14,8590,5657,5650,8598,8647,8530,8586,8605,8604,8550,8585,5678,8618,8618,8584
14,8589,5658,5651,8598,8648,8530,8586,8605,8602,8551,8585,5679,8617,8619,8585
13,8588,5653,5647,8595,8645,8528,8584,8604,8602,8549,8585,5672,8618,8619,8584
13,8590,5654,5649,8600,8649,8531,8588,8608,8607,8553,8587,5678,8621,8622,8588
14,8593,5656,5648,8601,8650,8533,8590,8609,8607,8554,8588,5674,8621,8624,8588
13,8592,5654,5651,8600,8650,8533,8589,8609,8606,8553,8588,5679,8621,8624,8589
14,8593,5655,5651,8602,8652,8535,8591,8611,8608,8555,8590,5681,8623,8623,8589
14,8593,5656,5653,8601,8651,8534,8590,8612,8607,8555,8590,5680,8623,8623,8589
14,8593,5654,5650,8602,8651,8534,8590,8610,8607,8554,8588,5676,8621,8623,8589
14,8592,5657,5651,8601,8651,8534,8591,8609,8606,8554,8588,5674,8621,8623,8588
13,8592,5655,5652,8600,8650,8533,8589,8608,8606,8552,8586,5674,8620,8620,8586
13,8590,5656,5649,8598,8648,8530,8586,8607,8605,8549,8584,5677,8618,8619,8585
14,8589,5654,5653,8598,8648,8531,8587,8606,8603,8549,8584,5677,8618,8619,8585
14,8588,5657,5649,8596,8645,8528,8584,8606,8601,8548,8583,5675,8616,8616,8582
13,8587,5654,5649,8596,8645,8529,8584,8606,8602,8546,8584,5670,8616,8618,8583
