13,8567,5647,5644,8575,8626,8509,8565,8584,8582,8529,8562,5664,8597,8598,8564
13,8567,5648,5644,8575,8625,8509,8565,8585,8583,8529,8564,5669,8597,8597,8563
14,8567,5649,5645,8574,8625,8508,8565,8585,8583,8528,8564,5668,8597,8598,8564
13,8567,5647,5644,8575,8626,8509,8565,8585,8584,8529,8564,5671,8598,8598,8564
13,8567,5650,5647,8575,8625,8509,8565,8585,8582,8529,8562,5667,8598,8598,8564
13,8567,5649,5648,8575,8626,8510,8565,8586,8584,8529,8562,5672,8597,8599,8564
13,8567,5649,5649,8575,8627,8509,8565,8585,8583,8529,8563,5668,8597,8598,8564
14,8567,5652,5651,8575,8626,8509,8565,8585,8583,8528,8564,5673,8596,8596,8564
13,8566,5650,5650,8577,8625,8526,8622,8585,8583,8528,8563,5671,8596,8599,8566
14,8568,5648,5648,8582,8627,8563,8636,8587,8585,8530,8565,5668,8597,8600,8569
14,8570,5647,5645,8582,8627,8562,8633,8587,8585,8529,8564,5669,8598,8598,8570
14,8570,5648,5646,8583,8627,8562,8631,8587,8584,8529,8565,5667,8598,8600,8570
13,8571,5647,5644,8583,8627,8562,8630,8588,8585,8531,8565,5670,8598,8599,8571
13,8571,5647,5644,8583,8628,8561,8630,8587,8585,8532,8565,5665,8597,8599,8570
14,8570,5649,5645,8582,8628,8560,8629,8587,8586,8530,8564,5671,8599,8599,8571
13,8570,5648,5645,8583,8627,8560,8628,8587,8585,8529,8565,5675,8599,8599,8571
14,8569,5650,5642,8583,8627,8560,8628,8588,8582,8530,8565,5669,8598,8599,8570
13,8571,5648,5644,8583,8627,8559,8628,8587,8584,8531,8566,5668,8597,8599,8569
13,8568,5647,5638,8578,8627,8522,8606,8587,8583,8529,8565,5674,8596,8595,8562
14,8560,5641,5632,8569,8619,8493,8547,8578,8577,8522,8557,5663,8590,8592,8559
14,8562,5645,5633,8570,8620,8494,8549,8581,8575,8524,8557,5667,8591,8592,8558
13,8562,5642,5635,8570,8621,8495,8551,8580,8577,8524,8557,5668,8590,8593,8560
13,8562,5643,5637,8569,8621,8496,8551,8580,8578,8523,8560,5673,8591,8592,8559
13,8562,5645,5635,8570,8620,8497,8552,8580,8578,8524,8558,5660,8591,8593,8558
14,8562,5643,5638,8570,8620,8497,8552,8581,8577,8522,8559,5661,8592,8593,8560
14,8562,5645,5643,8570,8621,8498,8554,8581,8578,8525,8557,5662,8591,8593,8559
14,8562,5648,5639,8570,8621,8498,8554,8581,8578,8525,8559,5666,8592,8593,8559
13,8562,5645,5641,8570,8621,8499,8554,8580,8579,8524,8559,5667,8592,8592,8559
13,8562,5647,5643,8571,8621,8499,8554,8581,8578,8523,8557,5670,8591,8593,8559
13,8562,5645,5644,8570,8621,8499,8555,8581,8578,8524,8559,5666,8591,8593,8558
14,8562,5646,5640,8570,8621,8499,8555,8580,8579,8523,8559,5667,8592,8593,8559
14,8562,5645,5643,8571,8621,8499,8556,8581,8579,8523,8557,5671,8592,8594,8559
13,8562,5645,5640,8570,8621,8500,8556,8583,8577,8523,8559,5671,8592,8593,8559
12,8562,5645,5640,8570,8621,8500,8556,8580,8577,8525,8558,5661,8592,8593,8559
13,8562,5646,5641,8570,8621,8500,8556,8580,8578,8524,8557,5663,8592,8593,8558
14,8561,5645,5642,8570,8620,8500,8555,8579,8577,8523,8558,5672,8590,8592,8558
14,8561,5645,5640,8569,8620,8499,8555,8580,8578,8521,8556,5669,8590,8592,8558
14,8560,5647,5639,8568,8619,8498,8553,8579,8576,8521,8554,5669,8588,8590,8556
14,8556,5643,5640,8565,8616,8495,8552,8574,8572,8518,8553,5661,8588,8588,8554
13,8559,5645,5641,8570,8621,8500,8556,8580,8577,8524,8557,5669,8592,8593,8559
14,8565,5645,5641,8575,8625,8505,8561,8584,8581,8528,8562,5670,8597,8597,8562
13,8567,5647,5644,8575,8626,8506,8562,8586,8581,8528,8563,5667,8597,8599,8564
14,8568,5649,5641,8576,8627,8506,8562,8586,8583,8528,8564,5666,8597,8599,8564
14,8566,5648,5641,8575,8625,8506,8562,8586,8582,8529,8563,5672,8597,8597,8564
14,8567,5649,5642,8575,8626,8506,8562,8585,8583,8529,8563,5672,8597,8599,8564
13,8567,5645,5645,8575,8626,8506,8562,8587,8584,8528,8564,5675,8596,8598,8564
14,8567,5647,5642,8575,8626,8506,8562,8585,8581,8529,8565,5673,8597,8598,8563
13,8567,5647,5643,8576,8626,8507,8562,8585,8584,8530,8563,5673,8597,8599,8564
14,8568,5648,5643,8576,8626,8507,8563,8585,8582,8528,8565,5671,8598,8599,8564
14,8568,5646,5644,8575,8626,8506,8563,8584,8584,8530,8565,5666,8597,8599,8564
13,8567,5649,5645,8575,8626,8507,8563,8586,8583,8529,8563,5672,8597,8598,8565
13,8567,5649,5648,8576,8626,8507,8563,8586,8584,8530,8563,5666,8598,8598,8565
14,8567,5648,5649,8576,8627,8507,8563,8587,8584,8530,8564,5672,8598,8600,8564
14,8568,5649,5650,8577,8628,8508,8564,8586,8584,8529,8565,5668,8598,8600,8565
14,8568,5650,5649,8576,8627,8507,8562,8588,8584,8529,8564,5670,8598,8599,8566
14,8569,5652,5651,8575,8627,8506,8559,8587,8585,8529,8564,5672,8598,8598,8564
13,8567,5649,5646,8574,8626,8504,8558,8584,8584,8528,8563,5669,8597,8599,8563
13,8567,5648,5642,8574,8626,8504,8558,8584,8585,8528,8564,5665,8597,8599,8564
13,8567,5646,5642,8573,8626,8505,8558,8584,8584,8530,8565,5667,8597,8598,8564
14,8567,5650,5642,8574,8626,8505,8558,8583,8584,8530,8563,5673,8597,8599,8565
13,8568,5648,5643,8574,8627,8506,8559,8585,8585,8529,8563,5666,8597,8599,8565
13,8567,5648,5641,8575,8626,8505,8559,8585,8585,8530,8564,5665,8597,8599,8565
13,8567,5647,5642,8575,8627,8506,8559,8583,8585,8530,8564,5672,8597,8599,8565
14,8568,5646,5642,8575,8627,8506,8559,8585,8584,8530,8564,5669,8599,8598,8566
14,8567,5647,5639,8575,8626,8506,8561,8585,8583,8529,8564,5670,8596,8597,8564
14,8566,5642,5638,8574,8625,8507,8562,8584,8582,8528,8563,5666,8596,8596,8564
14,8566,5646,5635,8575,8625,8507,8563,8584,8583,8528,8564,5670,8597,8598,8563
13,8566,5643,5635,8574,8625,8507,8562,8585,8581,8527,8562,5666,8595,8597,8562
14,8566,5646,5637,8574,8625,8507,8562,8585,8582,8528,8563,5669,8595,8597,8562
14,8565,5648,5638,8574,8624,8507,8562,8584,8581,8528,8562,5673,8596,8596,8562
13,8566,5645,5638,8574,8624,8507,8562,8584,8582,8527,8563,5667,8596,8597,8563
13,8567,5648,5641,8575,8625,8507,8562,8585,8581,8528,8562,5664,8595,8597,8562
13,8567,5647,5642,8575,8625,8506,8563,8585,8581,8527,8563,5666,8595,8597,8563
14,8566,5647,5642,8574,8624,8506,8562,8586,8581,8526,8562,5667,8595,8597,8563
14,8566,5647,5643,8574,8624,8506,8563,8586,8582,8526,8563,5665,8595,8597,8563
13,8566,5646,5641,8574,8625,8507,8563,8586,8583,8529,8560,5674,8595,8597,8562
14,8566,5648,5643,8574,8625,8507,8562,8583,8581,8528,8562,5672,8596,8597,8562
14,8566,5645,5643,8574,8625,8507,8563,8585,8582,8528,8563,5670,8596,8597,8563
13,8566,5646,5642,8574,8624,8507,8562,8585,8582,8527,8561,5666,8596,8597,8563
14,8566,5650,5641,8574,8624,8505,8561,8581,8579,8524,8558,5668,8592,8592,8559
14,8561,5645,5643,8569,8619,8501,8556,8577,8577,8519,8555,5659,8586,8587,8553
13,8561,5647,5640,8567,8617,8501,8558,8581,8578,8524,8561,5667,8595,8596,8563
14,8566,5648,5640,8575,8624,8507,8565,8585,8583,8531,8567,5675,8602,8603,8571
13,8577,5651,5649,8585,8635,8517,8573,8595,8593,8540,8575,5669,8606,8606,8571
14,8579,5650,5648,8588,8639,8521,8578,8601,8600,8543,8579,5671,8613,8614,8581
13,8584,5657,5650,8593,8643,8525,8581,8604,8600,8546,8580,5674,8614,8615,8580
13,8584,5655,5649,8593,8643,8525,8581,8603,8601,8547,8580,5671,8614,8614,8580
14,8585,5657,5652,8593,8643,8526,8581,8603,8600,8546,8581,5679,8615,8616,8582
13,8585,5652,5648,8593,8644,8526,8582,8602,8602,8546,8581,5673,8615,8615,8581
13,8585,5655,5648,8593,8644,8526,8582,8602,8602,8548,8583,5674,8614,8615,8582
13,8585,5654,5648,8593,8644,8527,8582,8605,8600,8547,8581,5678,8614,8616,8582
13,8585,5655,5649,8594,8644,8527,8582,8606,8600,8547,8583,5671,8615,8617,8583
14,8586,5653,5652,8594,8645,8527,8583,8603,8602,8548,8581,5673,8615,8617,8583
14,8586,5653,5650,8594,8645,8527,8583,8603,8601,8545,8581,5678,8616,8616,8583
14,8586,5657,5652,8594,8645,8527,8583,8604,8601,8547,8583,5675,8615,8617,8584
14,8586,5658,5652,8594,8645,8528,8583,8607,8602,8547,8584,5675,8615,8617,8583
13,8586,5655,5651,8594,8645,8527,8584,8602,8603,8547,8582,5673,8616,8616,8583
13,8587,5656,5654,8595,8645,8528,8584,8603,8602,8550,8583,5673,8616,8617,8582
13,8587,5656,5656,8595,8645,8528,8583,8607,8602,8549,8583,5677,8615,8617,8583
13,8586,5660,5654,8594,8645,8527,8583,8605,8603,8548,8582,5672,8615,8617,8583
13,8586,5658,5656,8594,8645,8527,8583,8605,8603,8547,8584,5677,8616,8617,8584
13,8586,5657,5656,8596,8644,8532,8588,8606,8600,8550,8583,5675,8614,8616,8585
14,8585,5656,5652,8596,8643,8532,8588,8604,8600,8549,8582,5677,8614,8616,8584
13,8585,5655,5650,8596,8643,8532,8588,8603,8600,8548,8581,5671,8614,8616,8584
13,8585,5656,5649,8597,8644,8532,8588,8603,8600,8549,8581,5674,8614,8616,8584
14,8585,5653,5649,8597,8644,8532,8588,8603,8599,8549,8582,5670,8615,8615,8584
13,8585,5655,5649,8597,8644,8533,8588,8606,8602,8551,8581,5671,8615,8616,8585
13,8586,5654,5651,8597,8645,8533,8588,8603,8603,8548,8581,5677,8615,8616,8585
13,8585,5654,5647,8597,8645,8533,8589,8603,8602,8548,8583,5673,8615,8616,8585
13,8586,5656,5653,8597,8645,8533,8588,8604,8600,8547,8584,5677,8615,8617,8586
14,8585,5651,5646,8595,8644,8526,8581,8604,8598,8546,8581,5670,8614,8616,8581
14,8586,5650,5644,8595,8645,8527,8582,8606,8599,8547,8582,5669,8616,8616,8583
13,8586,5654,5643,8595,8644,8527,8584,8603,8601,8550,8585,5676,8615,8618,8583
14,8585,5654,5644,8595,8645,8528,8583,8606,8602,8545,8585,5673,8616,8617,8582
13,8585,5651,5647,8595,8645,8528,8583,8605,8601,8548,8584,5673,8615,8617,8583
13,8585,5656,5650,8594,8644,8527,8583,8604,8600,8548,8583,5676,8615,8617,8581
14,8585,5651,5647,8595,8644,8527,8583,8605,8601,8545,8584,5674,8616,8617,8582
13,8586,5656,5646,8595,8644,8528,8583,8606,8602,8546,8582,5674,8616,8617,8583
13,8585,5654,5650,8595,8644,8527,8583,8604,8602,8546,8582,5670,8615,8617,8582
13,8586,5654,5648,8594,8644,8527,8584,8602,8603,8547,8582,5673,8616,8617,8582
13,8586,5656,5650,8595,8644,8527,8584,8605,8602,8548,8583,5670,8616,8616,8583
13,8586,5652,5647,8595,8644,8528,8583,8604,8600,8546,8582,5673,8616,8616,8583
14,8586,5654,5650,8595,8645,8528,8584,8604,8601,8549,8582,5672,8616,8616,8581
13,8586,5654,5646,8595,8645,8528,8584,8605,8603,8549,8583,5672,8616,8616,8584
14,8586,5654,5648,8595,8645,8527,8584,8604,8603,8547,8583,5676,8615,8617,8583
14,8586,5653,5651,8594,8644,8527,8583,8606,8604,8547,8580,5676,8613,8615,8582
14,8584,5656,5652,8592,8643,8526,8581,8601,8599,8543,8577,5673,8609,8611,8576
13,8583,5657,5655,8592,8643,8526,8582,8604,8600,8546,8582,5672,8614,8615,8582
14,8586,5661,5654,8596,8647,8530,8586,8608,8606,8551,8585,5673,8620,8621,8587
14,8590,5656,5647,8598,8649,8531,8587,8609,8605,8552,8586,5677,8620,8621,8587
13,8592,5658,5649,8600,8651,8534,8589,8610,8606,8553,8588,5672,8618,8620,8586
13,8591,5659,5648,8600,8651,8534,8590,8611,8611,8553,8589,5680,8621,8624,8589
14,8593,5664,5656,8601,8651,8534,8590,8611,8609,8554,8590,5678,8623,8624,8591
13,8593,5655,5652,8602,8652,8535,8591,8612,8610,8555,8588,5679,8624,8624,8590
13,8594,5658,5653,8603,8653,8535,8591,8613,8610,8556,8591,5678,8622,8626,8591
13,8594,5660,5653,8602,8653,8535,8591,8612,8610,8556,8591,5681,8623,8624,8591
13,8594,5659,5650,8603,8653,8536,8592,8613,8611,8556,8591,5679,8624,8625,8591
13,8594,5659,5653,8603,8653,8536,8592,8612,8608,8558,8591,5672,8623,8625,8590
13,8595,5661,5650,8603,8653,8536,8592,8614,8610,8554,8590,5678,8624,8625,8591
13,8594,5659,5653,8604,8654,8536,8592,8611,8610,8555,8592,5682,8624,8625,8591
13,8594,5659,5654,8603,8654,8537,8592,8614,8611,8556,8591,5682,8625,8625,8592
14,8594,5658,5653,8604,8654,8536,8592,8613,8610,8555,8590,5680,8624,8626,8591
15,8594,5659,5654,8603,8654,8536,8592,8612,8610,8555,8592,5679,8625,8625,8591
13,8595,5658,5655,8603,8654,8537,8592,8614,8611,8556,8590,5678,8625,8625,8592
13,8595,5658,5657,8603,8654,8537,8592,8613,8611,8557,8592,5677,8624,8625,8591
14,8595,5661,5658,8604,8654,8537,8592,8613,8610,8557,8590,5676,8624,8625,8591
13,8595,5660,5662,8603,8654,8536,8592,8613,8613,8557,8593,5674,8624,8626,8591
14,8592,5660,5660,8605,8654,8533,8590,8689,8621,8557,8591,5680,8624,8627,8617
14,8592,5660,5657,8610,8655,8533,8590,8695,8622,8558,8591,5676,8625,8626,8617
13,8592,5658,5653,8610,8654,8533,8590,8693,8618,8557,8591,5678,8624,8626,8619
13,8592,5657,5650,8610,8654,8532,8590,8692,8621,8557,8592,5679,8624,8625,8618
14,8592,5660,5652,8610,8654,8533,8590,8693,8620,8558,8592,5676,8624,8625,8620
14,8592,5656,5652,8610,8654,8532,8590,8694,8621,8557,8591,5674,8624,8626,8619
13,8592,5660,5653,8610,8654,8532,8589,8691,8623,8557,8591,5675,8624,8625,8618
14,8592,5657,5650,8610,8653,8532,8590,8694,8620,8558,8591,5674,8625,8626,8619
13,8592,5659,5653,8610,8654,8532,8590,8692,8621,8557,8592,5677,8624,8624,8613
13,8593,5656,5651,8605,8653,8537,8592,8621,8613,8556,8591,5677,8624,8623,8593
13,8595,5655,5650,8604,8653,8537,8592,8614,8610,8557,8590,5672,8624,8625,8592
13,8595,5655,5646,8604,8653,8537,8592,8613,8611,8555,8590,5681,8623,8624,8592
14,8595,5656,5649,8604,8654,8537,8592,8613,8610,8556,8590,5680,8624,8625,8591
14,8595,5657,5648,8604,8653,8536,8592,8613,8611,8556,8591,5674,8624,8625,8591
14,8595,5658,5651,8603,8653,8537,8592,8613,8610,8556,8591,5674,8623,8624,8591
13,8595,5657,5650,8603,8653,8536,8592,8613,8610,8555,8592,5673,8624,8624,8590
13,8594,5658,5650,8604,8653,8537,8592,8612,8611,8556,8591,5676,8623,8624,8590
14,8594,5658,5650,8604,8653,8537,8592,8614,8610,8556,8591,5677,8623,8625,8590
13,8595,5658,5653,8603,8653,8536,8592,8611,8609,8556,8590,5681,8623,8624,8591
14,8595,5657,5652,8603,8653,8536,8592,8613,8611,8556,8590,5678,8624,8625,8590
13,8594,5659,5653,8603,8653,8536,8592,8612,8609,8556,8591,5678,8624,8624,8591
14,8595,5659,5651,8603,8653,8537,8592,8611,8609,8555,8589,5682,8623,8624,8590
14,8595,5656,5652,8603,8653,8536,8592,8613,8609,8556,8591,5682,8624,8625,8591
13,8594,5658,5652,8603,8653,8536,8592,8612,8611,8556,8591,5675,8624,8624,8590
14,8594,5657,5651,8603,8652,8536,8592,8612,8609,8556,8591,5678,8623,8625,8589
13,8595,5657,5647,8603,8653,8536,8592,8612,8610,8555,8589,5674,8623,8624,8590
14,8595,5659,5653,8603,8653,8536,8593,8613,8610,8556,8591,5676,8624,8624,8591
14,8594,5658,5653,8604,8653,8537,8592,8611,8608,8555,8590,5680,8623,8625,8590
13,8594,5658,5649,8603,8652,8536,8592,8612,8610,8556,8590,5677,8623,8624,8590
13,8595,5659,5649,8604,8653,8537,8592,8613,8610,8555,8591,5674,8623,8625,8591
14,8594,5658,5648,8603,8652,8535,8592,8611,8610,8553,8591,5679,8623,8625,8590
14,8594,5658,5650,8602,8652,8535,8592,8613,8609,8553,8588,5677,8622,8623,8589
13,8593,5657,5650,8602,8651,8535,8590,8611,8609,8555,8590,5680,8623,8624,8591
13,8595,5659,5651,8603,8652,8536,8591,8613,8610,8556,8590,5678,8624,8625,8591
14,8594,5655,5648,8602,8652,8536,8592,8613,8610,8553,8589,5677,8622,8623,8588
13,8593,5660,5649,8601,8651,8534,8590,8610,8607,8553,8589,5677,8621,8624,8588
13,8592,5652,5650,8600,8650,8533,8589,8610,8608,8552,8587,5675,8620,8621,8587
13,8592,5655,5648,8600,8649,8533,8588,8609,8607,8552,8586,5675,8619,8620,8586
13,8589,5657,5648,8597,8647,8531,8586,8607,8605,8551,8584,5676,8618,8618,8585
14,8588,5654,5648,8596,8646,8530,8585,8605,8603,8547,8583,5676,8616,8617,8583
13,8587,5653,5651,8595,8645,8529,8584,8606,8603,8547,8584,5672,8616,8616,8583
13,8587,5656,5650,8594,8643,8527,8583,8604,8600,8547,8581,5672,8614,8615,8581
13,8585,5653,5647,8593,8642,8527,8582,8603,8601,8547,8579,5676,8612,8613,8580
13,8585,5653,5647,8595,8644,8529,8584,8605,8603,8548,8583,5672,8616,8617,8584
14,8587,5653,5649,8595,8644,8528,8583,8605,8602,8545,8583,5673,8616,8617,8583
