14,8603,5663,5652,8610,8664,8544,8602,8621,8621,8565,8601,5677,8631,8632,8594
13,8603,5660,5659,8610,8665,8544,8602,8621,8621,8566,8602,5676,8632,8632,8596
14,8603,5662,5658,8611,8664,8544,8602,8621,8620,8567,8602,5678,8631,8633,8596
13,8602,5660,5657,8610,8664,8544,8602,8620,8619,8566,8601,5671,8632,8633,8594
13,8603,5663,5654,8610,8664,8544,8602,8620,8620,8567,8602,5678,8631,8633,8595
14,8603,5659,5658,8610,8664,8544,8602,8620,8620,8565,8601,5678,8632,8633,8596
13,8603,5663,5655,8610,8664,8544,8602,8621,8620,8565,8601,5685,8631,8633,8597
14,8603,5660,5659,8610,8664,8544,8602,8621,8620,8565,8602,5676,8632,8632,8594
14,8602,5661,5656,8610,8664,8544,8602,8620,8621,8566,8600,5683,8632,8633,8595
14,8603,5663,5655,8610,8665,8544,8603,8620,8619,8565,8602,5683,8632,8632,8596
14,8603,5661,5656,8610,8664,8544,8602,8621,8618,8565,8600,5683,8631,8633,8596
14,8603,5659,5655,8610,8665,8544,8602,8621,8620,8566,8601,5679,8631,8633,8596
14,8603,5663,5653,8610,8664,8544,8602,8620,8619,8566,8602,5675,8632,8634,8596
14,8603,5662,5654,8611,8664,8544,8602,8622,8621,8565,8603,5678,8632,8633,8595
14,8603,5662,5657,8610,8664,8544,8602,8620,8621,8567,8601,5676,8632,8633,8595
13,8603,5663,5659,8610,8664,8544,8602,8621,8621,8566,8600,5679,8632,8633,8595
13,8603,5661,5656,8610,8664,8544,8602,8620,8618,8565,8603,5674,8632,8634,8595
13,8603,5663,5655,8610,8664,8544,8602,8622,8619,8565,8600,5676,8632,8633,8595
13,8603,5661,5657,8610,8664,8544,8603,8623,8622,8566,8600,5671,8631,8633,8596
13,8603,5661,5657,8610,8665,8544,8603,8620,8620,8564,8602,5682,8632,8633,8595
13,8603,5663,5657,8610,8664,8544,8603,8621,8620,8566,8601,5678,8631,8632,8596
14,8603,5659,5658,8610,8664,8544,8602,8621,8620,8565,8602,5678,8631,8633,8595
14,8603,5664,5661,8610,8664,8544,8603,8619,8621,8567,8601,5675,8631,8633,8595
13,8603,5666,5660,8610,8664,8544,8602,8622,8620,8565,8603,5681,8631,8634,8595
14,8603,5668,5664,8610,8665,8544,8602,8622,8620,8566,8602,5673,8632,8633,8596
14,8602,5667,5670,8610,8664,8543,8602,8620,8620,8565,8602,5680,8631,8632,8594
14,8602,5674,5678,8610,8664,8544,8602,8619,8619,8565,8600,5682,8631,8632,8594
14,8602,5676,5677,8609,8664,8543,8601,8621,8618,8565,8600,5683,8631,8632,8594
14,8602,5674,5674,8614,8663,8560,8622,8618,8620,8565,8602,5676,8631,8633,8604
14,8602,5668,5674,8626,8663,8553,8604,8627,8642,8591,8599,5679,8656,8654,8614
14,8601,5661,5661,8612,8663,8541,8600,8621,8643,8595,8602,5679,8658,8642,8612
14,8602,5662,5658,8612,8664,8541,8600,8618,8643,8596,8601,5674,8655,8637,8613
13,8602,5661,5661,8612,8664,8541,8599,8620,8642,8596,8601,5676,8652,8635,8612
14,8602,5663,5659,8612,8664,8541,8600,8620,8645,8595,8602,5677,8649,8634,8613
14,8602,5664,5660,8612,8664,8540,8600,8620,8643,8595,8601,5678,8646,8634,8612
13,8602,5663,5656,8612,8664,8541,8599,8619,8643,8595,8601,5677,8645,8633,8612
13,8602,5662,5656,8612,8664,8541,8599,8620,8643,8595,8600,5675,8643,8633,8612
13,8602,5663,5653,8612,8664,8541,8600,8620,8643,8594,8601,5673,8641,8633,8612
14,8602,5664,5656,8613,8664,8541,8599,8619,8641,8594,8602,5684,8639,8634,8611
13,8602,5663,5656,8613,8663,8541,8599,8618,8640,8594,8599,5675,8639,8633,8612
14,8602,5660,5654,8613,8664,8541,8600,8621,8641,8594,8602,5675,8638,8633,8613
13,8603,5664,5656,8612,8664,8541,8600,8620,8640,8594,8603,5678,8637,8633,8612
13,8602,5661,5655,8612,8664,8541,8599,8619,8640,8593,8601,5674,8636,8633,8612
13,8602,5662,5654,8612,8664,8541,8599,8620,8640,8593,8601,5673,8636,8633,8611
13,8602,5664,5658,8612,8664,8541,8600,8620,8641,8592,8601,5676,8635,8632,8613
13,8602,5663,5657,8612,8664,8541,8600,8619,8640,8591,8601,5676,8634,8632,8612
14,8602,5662,5656,8613,8663,8542,8599,8619,8638,8591,8602,5676,8634,8634,8612
14,8602,5662,5656,8612,8664,8541,8600,8619,8639,8592,8601,5680,8634,8633,8610
13,8602,5662,5653,8612,8665,8541,8600,8619,8639,8592,8601,5678,8634,8633,8613
14,8602,5661,5656,8612,8664,8541,8599,8619,8640,8593,8603,5676,8634,8633,8612
14,8602,5663,5656,8612,8664,8541,8599,8619,8638,8591,8601,5674,8633,8633,8612
13,8602,5661,5657,8613,8663,8541,8599,8619,8639,8591,8601,5674,8633,8633,8612
14,8602,5661,5656,8613,8664,8541,8600,8620,8639,8590,8600,5680,8633,8633,8611
13,8602,5662,5656,8612,8664,8542,8599,8619,8638,8590,8601,5676,8633,8633,8613
14,8602,5661,5657,8613,8664,8541,8599,8618,8638,8590,8601,5684,8633,8634,8612
14,8602,5661,5655,8613,8664,8542,8599,8619,8636,8589,8601,5675,8633,8632,8612
13,8602,5663,5653,8613,8664,8541,8599,8621,8636,8590,8602,5675,8632,8633,8612
14,8602,5662,5657,8613,8664,8541,8599,8620,8639,8590,8601,5682,8632,8632,8612
13,8602,5660,5658,8612,8664,8541,8599,8619,8637,8588,8601,5684,8632,8633,8612
14,8602,5664,5652,8613,8664,8541,8599,8618,8637,8588,8603,5675,8632,8633,8611
14,8602,5661,5659,8614,8664,8543,8600,8619,8635,8585,8601,5686,8621,8628,8615
14,8605,5657,5650,8622,8665,8562,8622,8621,8618,8562,8601,5676,8608,8616,8599
14,8603,5652,5639,8611,8665,8545,8604,8620,8617,8561,8603,5673,8610,8624,8596
14,8603,5649,5639,8610,8664,8545,8603,8621,8613,8557,8602,5674,8612,8628,8596
14,8603,5648,5639,8610,8665,8545,8603,8620,8616,8561,8602,5672,8614,8630,8596
13,8603,5650,5641,8611,8665,8544,8603,8622,8616,8560,8603,5677,8618,8633,8595
14,8604,5654,5642,8610,8664,8544,8603,8620,8615,8559,8602,5679,8619,8633,8597
14,8603,5655,5647,8610,8665,8544,8602,8621,8615,8559,8603,5676,8620,8633,8595
14,8603,5658,5650,8609,8664,8544,8602,8620,8615,8558,8601,5679,8621,8632,8594
14,8603,5662,5656,8610,8664,8544,8602,8621,8614,8558,8600,5672,8621,8631,8594
13,8603,5660,5655,8610,8664,8544,8602,8620,8614,8560,8601,5679,8624,8632,8594
15,8603,5659,5656,8610,8664,8544,8602,8621,8613,8559,8601,5677,8624,8632,8593
13,8603,5662,5654,8609,8664,8544,8602,8619,8614,8557,8600,5679,8625,8632,8594
14,8603,5664,5654,8610,8664,8544,8602,8620,8614,8557,8602,5684,8626,8633,8595
14,8603,5663,5656,8610,8664,8544,8602,8617,8614,8559,8601,5676,8626,8632,8594
13,8603,5661,5657,8609,8663,8543,8602,8620,8615,8560,8601,5680,8627,8632,8594
14,8603,5660,5655,8609,8664,8543,8602,8618,8614,8558,8600,5676,8628,8632,8594
14,8603,5662,5656,8610,8664,8544,8602,8620,8613,8558,8599,5683,8627,8632,8594
13,8603,5662,5659,8610,8664,8544,8602,8621,8616,8559,8601,5682,8628,8632,8594
13,8603,5664,5657,8610,8664,8544,8602,8621,8615,8558,8602,5679,8629,8633,8594
14,8602,5660,5653,8609,8664,8543,8602,8619,8615,8558,8601,5676,8628,8632,8594
14,8602,5663,5654,8610,8664,8544,8602,8618,8615,8560,8600,5674,8630,8632,8594
13,8603,5662,5655,8610,8664,8543,8602,8618,8614,8559,8602,5680,8629,8631,8594
13,8603,5664,5656,8609,8664,8543,8602,8620,8615,8558,8602,5679,8627,8632,8594
13,8602,5662,5655,8609,8663,8543,8601,8621,8614,8559,8600,5678,8630,8632,8593
14,8603,5662,5658,8610,8664,8543,8602,8620,8615,8559,8600,5679,8630,8633,8593
14,8602,5661,5657,8609,8664,8543,8602,8619,8613,8558,8600,5676,8629,8633,8593
13,8602,5661,5658,8609,8664,8544,8602,8621,8615,8558,8598,5685,8629,8632,8594
13,8603,5660,5653,8609,8663,8543,8601,8619,8613,8562,8601,5683,8630,8632,8593
13,8602,5661,5656,8609,8663,8543,8601,8621,8613,8559,8600,5676,8630,8632,8594
14,8602,5661,5657,8609,8664,8543,8602,8621,8616,8559,8603,5676,8631,8632,8593
13,8603,5663,5652,8610,8664,8543,8602,8620,8615,8560,8601,5677,8631,8632,8594
13,8603,5663,5656,8609,8664,8543,8602,8619,8614,8559,8601,5676,8630,8632,8594
13,8602,5662,5657,8609,8664,8543,8602,8619,8615,8559,8602,5676,8630,8633,8594
14,8602,5662,5656,8609,8664,8544,8602,8621,8615,8559,8599,5679,8630,8632,8594
13,8603,5663,5657,8609,8663,8543,8602,8620,8614,8559,8601,5681,8631,8632,8594
14,8603,5662,5657,8609,8664,8544,8602,8620,8617,8559,8601,5679,8631,8633,8594
14,8603,5663,5656,8609,8664,8544,8602,8620,8615,8558,8601,5674,8630,8631,8593
14,8602,5661,5657,8610,8664,8543,8601,8620,8614,8558,8602,5681,8630,8632,8594
13,8602,5662,5657,8609,8663,8543,8601,8620,8615,8559,8600,5677,8629,8632,8594
14,8602,5662,5657,8608,8663,8543,8602,8620,8617,8559,8601,5674,8630,8632,8594
14,8603,5662,5653,8609,8664,8544,8603,8620,8614,8559,8602,5682,8631,8633,8595
13,8604,5665,5657,8610,8665,8545,8603,8620,8617,8561,8602,5676,8632,8634,8595
13,8604,5663,5659,8611,8665,8545,8603,8621,8616,8562,8602,5681,8632,8633,8595
13,8604,5662,5656,8611,8665,8545,8603,8621,8618,8561,8603,5677,8632,8633,8595
13,8604,5661,5657,8610,8665,8545,8603,8623,8616,8561,8603,5680,8632,8633,8596
13,8604,5660,5659,8611,8665,8545,8603,8620,8618,8561,8602,5681,8632,8634,8596
14,8604,5661,5656,8611,8665,8545,8603,8622,8618,8561,8603,5676,8632,8634,8595
14,8604,5663,5654,8611,8665,8545,8603,8622,8618,8562,8602,5677,8633,8634,8597
13,8604,5661,5657,8611,8666,8545,8603,8622,8617,8562,8603,5677,8633,8634,8596
13,8604,5662,5657,8611,8665,8544,8603,8622,8618,8562,8604,5676,8632,8634,8596
13,8604,5664,5654,8611,8665,8545,8603,8622,8618,8562,8603,5677,8632,8633,8596
13,8604,5663,5656,8611,8665,8545,8603,8622,8617,8561,8601,5678,8632,8634,8596
13,8604,5663,5657,8611,8665,8545,8603,8623,8617,8561,8603,5687,8633,8634,8594
13,8604,5662,5660,8610,8665,8545,8603,8621,8617,8562,8603,5682,8633,8634,8596
13,8604,5664,5654,8611,8666,8545,8604,8622,8617,8563,8603,5682,8632,8633,8595
13,8604,5664,5656,8612,8665,8545,8603,8622,8616,8563,8604,5681,8633,8634,8596
14,8604,5662,5654,8611,8665,8544,8603,8622,8618,8562,8603,5677,8632,8633,8596
14,8604,5662,5658,8611,8665,8545,8603,8621,8617,8561,8604,5682,8632,8634,8596
13,8604,5663,5659,8611,8665,8545,8604,8621,8617,8561,8602,5675,8633,8634,8596
13,8604,5662,5660,8611,8665,8545,8603,8623,8617,8563,8604,5680,8633,8634,8596
13,8604,5664,5658,8610,8665,8544,8603,8621,8619,8562,8603,5679,8633,8633,8596
14,8604,5661,5654,8610,8665,8545,8603,8619,8619,8563,8602,5677,8633,8634,8596
14,8604,5663,5657,8611,8665,8545,8603,8622,8619,8562,8603,5679,8633,8634,8596
13,8604,5663,5658,8611,8666,8545,8603,8622,8618,8562,8603,5676,8631,8634,8596
14,8604,5663,5657,8611,8665,8545,8603,8623,8617,8562,8603,5682,8633,8635,8596
13,8604,5662,5655,8611,8665,8545,8604,8622,8617,8562,8604,5677,8633,8634,8596
13,8604,5663,5657,8611,8665,8545,8603,8621,8619,8564,8601,5679,8633,8634,8595
13,8604,5661,5657,8611,8665,8545,8603,8623,8617,8563,8603,5683,8632,8634,8596
14,8604,5664,5654,8611,8665,8545,8603,8623,8618,8563,8603,5678,8633,8634,8596
14,8604,5665,5657,8610,8665,8545,8603,8622,8618,8562,8603,5682,8633,8634,8596
13,8604,5660,5657,8610,8666,8546,8603,8623,8620,8562,8603,5679,8633,8634,8596
13,8604,5662,5654,8611,8665,8545,8603,8622,8619,8562,8603,5677,8634,8634,8596
14,8603,5663,5658,8611,8665,8545,8603,8622,8617,8563,8603,5678,8632,8633,8596
14,8604,5666,5667,8612,8666,8545,8603,8621,8618,8562,8603,5681,8633,8634,8597
13,8604,5668,5668,8611,8665,8545,8603,8622,8618,8563,8602,5677,8633,8635,8596
14,8604,5671,5670,8611,8665,8545,8603,8621,8617,8561,8603,5683,8632,8634,8594
13,8604,5673,5674,8611,8665,8545,8604,8622,8616,8562,8602,5684,8632,8633,8595
14,8604,5674,5680,8611,8667,8546,8604,8622,8620,8564,8604,5683,8633,8635,8597
13,8606,5676,5678,8616,8666,8559,8620,8623,8620,8564,8603,5684,8634,8636,8608
14,8610,5672,5672,8615,8666,8544,8602,8629,8626,8566,8603,5676,8656,8654,8615
13,8603,5663,5662,8608,8666,8543,8602,8629,8628,8568,8604,5683,8654,8644,8612
14,8604,5662,5661,8608,8667,8543,8603,8628,8627,8569,8604,5677,8651,8641,8612
13,8604,5665,5660,8608,8667,8543,8603,8629,8627,8568,8603,5677,8650,8638,8612
14,8604,5662,5659,8608,8667,8543,8603,8629,8628,8567,8604,5681,8648,8637,8613
14,8604,5663,5657,8608,8667,8543,8603,8629,8628,8569,8604,5683,8645,8636,8612
14,8604,5662,5655,8608,8667,8542,8603,8628,8628,8570,8603,5675,8643,8635,8612
14,8604,5664,5655,8608,8666,8543,8603,8628,8627,8569,8603,5681,8643,8635,8612
14,8604,5663,5660,8609,8667,8543,8603,8628,8629,8570,8603,5681,8642,8636,8611
13,8604,5663,5657,8608,8667,8543,8603,8628,8628,8570,8603,5685,8641,8636,8612
14,8604,5663,5658,8608,8667,8543,8603,8629,8627,8569,8604,5677,8640,8636,8612
13,8604,5665,5658,8608,8667,8543,8603,8627,8628,8569,8604,5682,8638,8635,8611
14,8604,5663,5657,8608,8667,8543,8603,8627,8628,8570,8604,5683,8639,8635,8612
13,8604,5662,5659,8608,8666,8543,8603,8628,8627,8570,8604,5678,8638,8635,8611
14,8603,5662,5655,8609,8666,8543,8602,8629,8627,8570,8604,5681,8639,8636,8612
14,8603,5661,5659,8609,8667,8543,8603,8629,8627,8569,8605,5681,8638,8636,8612
14,8604,5663,5658,8608,8667,8543,8603,8626,8628,8567,8604,5682,8637,8636,8610
13,8604,5664,5656,8609,8667,8543,8603,8627,8627,8568,8604,5684,8637,8636,8612
14,8604,5664,5658,8609,8668,8543,8603,8628,8628,8568,8605,5680,8637,8635,8611
14,8604,5664,5658,8608,8667,8543,8603,8629,8627,8570,8603,5677,8636,8636,8612
14,8604,5664,5656,8609,8668,8544,8603,8629,8628,8568,8604,5675,8636,8636,8611
14,8604,5664,5657,8609,8667,8544,8603,8628,8627,8570,8605,5676,8636,8636,8612
13,8604,5662,5659,8609,8667,8543,8603,8628,8628,8570,8605,5679,8636,8636,8612
14,8604,5663,5658,8609,8667,8543,8603,8628,8627,8570,8605,5676,8635,8636,8612
13,8604,5662,5656,8609,8667,8543,8603,8627,8628,8572,8605,5678,8636,8636,8612
14,8604,5661,5657,8609,8667,8544,8603,8630,8627,8571,8604,5680,8635,8636,8611
14,8605,5662,5657,8609,8668,8543,8603,8628,8627,8569,8604,5672,8635,8637,8612
13,8605,5664,5657,8609,8668,8543,8603,8630,8628,8569,8603,5685,8635,8636,8611
13,8605,5663,5658,8609,8667,8543,8603,8628,8628,8571,8603,5679,8635,8636,8611
13,8604,5663,5659,8610,8667,8544,8603,8629,8627,8569,8605,5681,8636,8636,8612
13,8605,5663,5659,8609,8667,8543,8603,8629,8628,8569,8605,5676,8635,8636,8611
13,8604,5665,5657,8610,8667,8545,8604,8629,8623,8568,8605,5686,8625,8634,8617
13,8610,5659,5649,8620,8666,8562,8620,8626,8619,8566,8604,5684,8617,8620,8602
13,8606,5652,5641,8613,8667,8547,8606,8625,8619,8567,8606,5669,8618,8628,8599
13,8606,5652,5639,8612,8668,8547,8605,8624,8622,8565,8605,5672,8620,8632,8599
13,8606,5653,5638,8613,8668,8547,8605,8624,8620,8566,8604,5678,8622,8633,8598
14,8606,5651,5645,8614,8668,8547,8605,8625,8620,8565,8606,5676,8624,8635,8598
13,8607,5655,5644,8613,8667,8547,8606,8624,8619,8565,8604,5680,8624,8635,8599
13,8606,5655,5644,8613,8667,8547,8605,8624,8620,8563,8605,5679,8627,8636,8599
14,8606,5663,5653,8613,8667,8547,8605,8623,8619,8565,8604,5683,8627,8636,8598
13,8606,5661,5655,8613,8667,8547,8605,8623,8618,8565,8604,5688,8629,8636,8598
14,8606,5662,5654,8613,8667,8546,8605,8623,8620,8565,8606,5683,8629,8635,8598
14,8605,5664,5657,8613,8667,8547,8605,8623,8620,8565,8604,5679,8629,8635,8597
13,8606,5662,5658,8613,8667,8546,8605,8623,8620,8566,8604,5678,8630,8636,8598
14,8605,5663,5659,8612,8667,8546,8605,8624,8619,8563,8603,5676,8629,8635,8598
13,8606,5663,5656,8613,8667,8546,8604,8623,8620,8565,8603,5674,8631,8634,8598
13,8605,5664,5654,8613,8667,8547,8604,8625,8620,8565,8603,5681,8631,8636,8598
14,8606,5661,5659,8613,8667,8546,8604,8622,8619,8565,8604,5679,8631,8635,8598
14,8606,5662,5659,8613,8667,8546,8605,8621,8619,8565,8604,5681,8632,8636,8598
13,8606,5660,5654,8613,8667,8546,8605,8625,8619,8564,8604,5682,8632,8636,8597
14,8605,5664,5655,8613,8667,8547,8604,8622,8620,8564,8604,5680,8632,8636,8597
14,8606,5661,5656,8612,8667,8546,8605,8624,8620,8565,8604,5675,8632,8636,8597
14,8605,5662,5656,8612,8666,8546,8605,8623,8620,8564,8604,5682,8633,8635,8597
13,8605,5661,5657,8613,8667,8546,8604,8623,8619,8565,8604,5675,8633,8635,8597
14,8606,5663,5656,8612,8666,8546,8604,8622,8620,8565,8603,5680,8633,8637,8596
14,8606,5661,5658,8613,8667,8546,8604,8622,8620,8564,8605,5676,8633,8636,8597
14,8605,5662,5655,8612,8666,8545,8605,8623,8620,8566,8605,5678,8634,8635,8597
13,8606,5662,5657,8613,8667,8546,8604,8621,8619,8564,8605,5681,8632,8635,8597
13,8606,5661,5659,8612,8667,8546,8605,8623,8619,8565,8602,5680,8633,8636,8597
14,8606,5663,5657,8612,8667,8546,8604,8623,8620,8565,8603,5678,8634,8636,8598
14,8606,5661,5658,8612,8666,8547,8605,8622,8620,8566,8604,5681,8634,8636,8597
13,8605,5663,5657,8612,8667,8546,8604,8624,8621,8566,8604,5683,8634,8636,8597
14,8606,5664,5657,8612,8667,8546,8605,8623,8620,8564,8603,5683,8635,8635,8597
13,8606,5665,5657,8613,8666,8546,8604,8623,8619,8564,8604,5679,8634,8636,8598
14,8605,5660,5656,8612,8667,8546,8604,8622,8620,8566,8604,5676,8633,8636,8597
13,8605,5662,5656,8612,8666,8546,8604,8623,8620,8565,8603,5684,8633,8635,8597
14,8605,5663,5654,8613,8667,8546,8604,8623,8620,8565,8605,5679,8634,8635,8597
14,8605,5662,5657,8612,8666,8546,8604,8623,8620,8565,8604,5683,8634,8636,8597
13,8605,5664,5656,8612,8667,8546,8604,8623,8620,8566,8604,5678,8634,8636,8597
13,8605,5661,5656,8613,8667,8546,8604,8622,8620,8566,8603,5676,8633,8637,8596
14,8605,5663,5657,8612,8666,8546,8603,8623,8619,8564,8603,5677,8633,8635,8597
13,8604,5662,5659,8611,8665,8544,8603,8621,8617,8563,8601,5672,8632,8634,8595
14,8604,5661,5657,8611,8666,8545,8603,8621,8617,8564,8603,5671,8632,8634,8595
13,8605,5664,5658,8611,8666,8545,8603,8622,8618,8564,8602,5677,8633,8635,8596
14,8605,5664,5656,8611,8666,8546,8603,8623,8618,8564,8603,5676,8633,8635,8596
14,8605,5660,5659,8612,8666,8545,8604,8623,8619,8566,8604,5678,8632,8635,8596
13,8605,5664,5656,8612,8666,8546,8604,8622,8619,8566,8603,5675,8634,8635,8596
13,8605,5664,5659,8612,8666,8546,8604,8622,8619,8565,8603,5679,8633,8635,8597
14,8604,5663,5657,8612,8666,8546,8604,8623,8619,8566,8602,5677,8634,8634,8596
14,8604,5663,5657,8612,8666,8545,8604,8622,8619,8566,8603,5677,8633,8634,8595
13,8605,5663,5655,8611,8666,8546,8604,8621,8618,8564,8603,5679,8632,8634,8595
14,8604,5662,5657,8611,8666,8545,8603,8622,8620,8563,8604,5681,8632,8634,8595
14,8605,5661,5658,8612,8666,8545,8603,8623,8617,8566,8603,5683,8632,8634,8595
14,8605,5662,5656,8611,8666,8545,8604,8622,8620,8565,8604,5681,8632,8634,8596
14,8605,5662,5654,8611,8666,8545,8604,8624,8620,8565,8604,5679,8632,8633,8595
13,8604,5663,5657,8611,8666,8546,8603,8622,8620,8564,8603,5684,8633,8634,8596
14,8604,5663,5658,8611,8666,8545,8604,8622,8619,8564,8603,5675,8632,8634,8596
13,8604,5664,5655,8612,8667,8546,8604,8622,8620,8566,8603,5672,8633,8634,8596
14,8604,5661,5658,8612,8666,8545,8604,8622,8619,8564,8603,5681,8632,8634,8597
14,8605,5663,5655,8612,8666,8546,8604,8622,8619,8566,8603,5680,8632,8635,8595
13,8604,5665,5656,8611,8666,8545,8604,8622,8620,8566,8602,5678,8634,8634,8595
13,8604,5662,5655,8611,8666,8545,8603,8622,8619,8565,8603,5676,8633,8633,8596
14,8604,5662,5658,8611,8666,8545,8603,8622,8618,8562,8603,5684,8633,8634,8595
13,8604,5663,5658,8611,8666,8545,8603,8622,8618,8565,8603,5677,8632,8634,8595
14,8604,5661,5656,8611,8665,8545,8603,8622,8620,8563,8603,5672,8633,8634,8596
14,8604,5663,5657,8611,8666,8546,8603,8622,8619,8565,8603,5681,8633,8634,8595
13,8604,5662,5658,8611,8666,8545,8604,8622,8617,8565,8602,5674,8631,8635,8594
13,8604,5664,5657,8611,8666,8545,8603,8619,8620,8564,8604,5682,8633,8634,8596
13,8604,5664,5653,8612,8666,8545,8604,8622,8619,8564,8603,5683,8633,8634,8595
14,8604,5661,5657,8611,8666,8546,8603,8622,8619,8565,8603,5679,8633,8634,8595
14,8605,5663,5655,8612,8666,8545,8604,8622,8620,8565,8600,5676,8633,8634,8596
14,8604,5663,5657,8611,8666,8545,8604,8621,8620,8567,8603,5683,8634,8634,8597
14,8604,5662,5658,8611,8666,8545,8604,8623,8620,8564,8605,5678,8632,8634,8595
13,8604,5662,5658,8612,8666,8545,8604,8623,8620,8566,8601,5683,8632,8634,8596
13,8604,5663,5658,8612,8666,8546,8604,8621,8621,8565,8603,5683,8634,8634,8596
13,8605,5668,5663,8611,8666,8546,8604,8622,8620,8567,8604,5681,8634,8635,8597
13,8604,5668,5669,8613,8666,8546,8604,8623,8620,8565,8602,5681,8634,8635,8596
14,8604,5669,5672,8612,8667,8545,8604,8620,8619,8567,8603,5683,8633,8635,8597
14,8605,5672,5677,8613,8667,8546,8604,8623,8622,8565,8603,5680,8633,8634,8597
14,8605,5675,5678,8613,8667,8546,8604,8622,8621,8565,8603,5685,8634,8635,8596
14,8605,5676,5681,8615,8666,8558,8618,8623,8620,8566,8603,5684,8634,8639,8612
14,8605,5671,5674,8610,8667,8544,8604,8622,8626,8569,8605,5681,8657,8653,8607
14,8605,5665,5664,8610,8667,8545,8604,8622,8625,8572,8604,5679,8655,8644,8607
14,8606,5664,5661,8609,8668,8545,8604,8623,8624,8574,8604,5678,8653,8639,8607
14,8606,5664,5662,8609,8668,8545,8605,8620,8627,8574,8607,5685,8650,8638,8607
14,8606,5665,5658,8609,8667,8545,8604,8622,8626,8573,8604,5682,8648,8637,8606
14,8605,5660,5657,8610,8668,8545,8604,8622,8626,8574,8604,5680,8646,8637,8606
14,8606,5661,5659,8610,8668,8545,8605,8624,8625,8573,8605,5682,8645,8637,8607
13,8606,5663,5659,8610,8668,8545,8604,8622,8626,8573,8605,5678,8644,8636,8606
13,8605,5663,5657,8610,8667,8545,8604,8621,8626,8573,8605,5683,8641,8636,8607
15,8606,5660,5656,8609,8668,8546,8604,8622,8627,8574,8604,5682,8641,8637,8607
13,8606,5664,5657,8610,8668,8545,8604,8622,8626,8574,8605,5675,8640,8637,8607
14,8606,5663,5659,8610,8668,8546,8604,8622,8626,8574,8605,5684,8640,8636,8607
13,8606,5663,5657,8610,8668,8545,8605,8621,8626,8575,8605,5682,8640,8637,8607
14,8606,5663,5658,8610,8668,8545,8604,8624,8625,8574,8605,5677,8639,8636,8607
14,8607,5664,5656,8610,8668,8546,8605,8622,8626,8573,8606,5675,8639,8636,8608
13,8606,5665,5660,8610,8668,8545,8605,8623,8625,8575,8605,5681,8638,8637,8607
13,8606,5663,5659,8610,8668,8545,8604,8622,8627,8574,8604,5685,8638,8636,8606
14,8606,5664,5659,8609,8668,8545,8605,8624,8626,8575,8606,5678,8637,8636,8606
14,8606,5665,5659,8610,8668,8546,8605,8622,8627,8574,8604,5679,8638,8636,8608
13,8606,5663,5660,8610,8668,8546,8604,8622,8626,8573,8604,5676,8637,8636,8607
14,8606,5664,5657,8610,8668,8546,8605,8622,8627,8574,8605,5676,8636,8636,8607
14,8606,5664,5654,8610,8668,8546,8605,8623,8625,8573,8605,5677,8636,8636,8607
13,8606,5662,5657,8610,8668,8546,8604,8621,8626,8574,8604,5682,8636,8636,8607
13,8607,5662,5656,8609,8668,8545,8604,8622,8625,8574,8605,5677,8636,8637,8607
14,8606,5662,5656,8610,8668,8545,8604,8622,8625,8573,8605,5680,8636,8636,8607
14,8606,5664,5657,8610,8668,8545,8605,8621,8626,8574,8604,5687,8635,8637,8608
14,8606,5661,5660,8610,8668,8546,8604,8623,8625,8574,8605,5677,8636,8636,8606
13,8606,5664,5660,8610,8668,8545,8605,8624,8627,8574,8605,5681,8635,8636,8607
14,8606,5665,5659,8610,8668,8545,8605,8620,8626,8573,8606,5678,8636,8636,8607
14,8607,5664,5660,8610,8668,8546,8605,8623,8625,8573,8605,5677,8636,8636,8607
14,8606,5661,5659,8610,8668,8545,8605,8622,8623,8573,8604,5678,8635,8636,8606
13,8606,5665,5658,8611,8668,8546,8605,8623,8625,8571,8605,5681,8624,8633,8613
13,8606,5657,5647,8622,8667,8561,8617,8624,8621,8566,8602,5680,8615,8619,8599
13,8606,5652,5641,8614,8668,8548,8606,8625,8622,8566,8606,5675,8618,8628,8598
13,8607,5652,5639,8613,8668,8548,8606,8625,8622,8567,8605,5675,8620,8632,8598
14,8607,5653,5639,8614,8668,8548,8606,8624,8622,8568,8606,5675,8621,8633,8598
14,8607,5652,5642,8614,8668,8548,8606,8624,8622,8567,8605,5674,8623,8634,8598
13,8607,5655,5646,8614,8668,8547,8606,8624,8623,8567,8603,5679,8624,8635,8598
14,8606,5656,5648,8614,8668,8548,8606,8624,8622,8565,8605,5677,8626,8635,8598
13,8606,5660,5649,8614,8668,8548,8606,8624,8621,8566,8605,5676,8627,8635,8599
14,8606,5662,5656,8614,8668,8547,8605,8623,8622,8566,8605,5681,8627,8636,8597
14,8606,5662,5658,8614,8667,8547,8605,8623,8624,8566,8605,5680,8629,8635,8598
13,8606,5661,5655,8613,8668,8547,8606,8625,8622,8567,8605,5676,8629,8636,8598
13,8607,5663,5659,8614,8667,8547,8606,8625,8622,8567,8605,5679,8630,8636,8597
14,8606,5663,5655,8613,8668,8547,8606,8624,8623,8566,8604,5675,8630,8635,8597
14,8606,5665,5657,8613,8668,8547,8606,8625,8622,8566,8605,5678,8631,8636,8598
13,8606,5663,5660,8613,8667,8547,8606,8626,8621,8568,8605,5680,8631,8636,8598
13,8606,5663,5658,8613,8667,8547,8605,8624,8622,8565,8603,5676,8631,8635,8597
13,8605,5664,5656,8613,8668,8547,8606,8623,8620,8566,8605,5681,8631,8636,8597
13,8606,5664,5658,8613,8668,8548,8605,8624,8622,8568,8604,5679,8632,8636,8597
14,8606,5662,5660,8613,8667,8547,8605,8625,8621,8567,8604,5678,8633,8636,8597
13,8606,5664,5656,8614,8668,8547,8606,8624,8622,8568,8605,5683,8633,8636,8598
13,8606,5663,5654,8613,8668,8548,8606,8624,8622,8565,8605,5678,8633,8636,8598
13,8606,5661,5658,8613,8668,8548,8606,8624,8621,8567,8604,5682,8633,8636,8597
14,8607,5662,5658,8613,8668,8547,8606,8624,8622,8566,8604,5683,8634,8636,8597
14,8606,5661,5657,8614,8667,8547,8605,8624,8622,8566,8604,5680,8634,8636,8598
14,8606,5663,5659,8613,8668,8548,8606,8625,8621,8566,8605,5685,8634,8636,8597
14,8607,5663,5658,8614,8668,8547,8606,8624,8622,8567,8605,5680,8633,8636,8598
14,8607,5664,5659,8614,8668,8547,8606,8624,8623,8567,8606,5681,8634,8636,8598
14,8606,5663,5659,8613,8668,8548,8605,8624,8621,8567,8605,5674,8634,8636,8597
13,8607,5663,5658,8613,8667,8548,8606,8625,8622,8567,8604,5675,8634,8637,8598
14,8607,5663,5659,8613,8668,8547,8605,8624,8623,8567,8605,5676,8634,8636,8598
14,8606,5663,5653,8614,8668,8547,8606,8623,8622,8567,8604,5679,8635,8636,8598
14,8607,5661,5661,8613,8668,8547,8605,8624,8621,8567,8605,5682,8634,8636,8597
13,8606,5663,5660,8613,8667,8547,8605,8624,8621,8567,8604,5680,8634,8636,8597
14,8606,5663,5657,8613,8668,8547,8606,8624,8624,8567,8605,5680,8634,8636,8598
14,8606,5662,5657,8614,8667,8548,8606,8625,8624,8567,8605,5680,8635,8636,8598
14,8607,5663,5659,8614,8668,8547,8606,8624,8622,8568,8603,5680,8634,8636,8597
14,8607,5661,5656,8613,8668,8547,8605,8624,8622,8566,8605,5678,8634,8637,8598
14,8607,5665,5657,8614,8668,8547,8606,8622,8624,8568,8605,5677,8635,8637,8598
13,8606,5661,5655,8612,8667,8547,8605,8623,8622,8566,8604,5684,8634,8636,8597
14,8605,5661,5655,8611,8666,8546,8604,8623,8622,8566,8603,5678,8633,8635,8595
13,8605,5666,5656,8612,8667,8546,8605,8623,8620,8563,8605,5681,8634,8635,8598
13,8606,5664,5659,8612,8667,8546,8605,8623,8621,8567,8604,5681,8635,8635,8598
13,8606,5661,5660,8613,8667,8546,8605,8623,8621,8567,8604,5679,8634,8636,8597
13,8606,5664,5658,8612,8667,8547,8605,8624,8622,8567,8604,5676,8634,8637,8598
13,8606,5665,5656,8613,8667,8547,8605,8625,8622,8566,8603,5678,8634,8637,8597
13,8606,5661,5661,8613,8667,8547,8605,8623,8621,8566,8605,5680,8635,8637,8598
14,8606,5664,5659,8612,8668,8547,8605,8624,8621,8567,8605,5679,8635,8636,8598
14,8606,5664,5658,8613,8668,8546,8605,8622,8620,8567,8604,5676,8635,8636,8597
14,8606,5662,5656,8613,8667,8547,8605,8625,8621,8567,8604,5677,8635,8636,8597
13,8606,5663,5653,8613,8668,8546,8605,8624,8622,8567,8604,5685,8635,8636,8598
14,8606,5662,5654,8613,8667,8547,8605,8624,8625,8566,8605,5678,8634,8635,8598
14,8605,5664,5658,8613,8667,8547,8605,8625,8622,8566,8605,5683,8635,8636,8598
14,8606,5661,5661,8613,8667,8547,8605,8624,8622,8567,8604,5681,8635,8636,8598
13,8606,5662,5655,8613,8667,8546,8605,8622,8621,8566,8605,5678,8635,8636,8598
13,8606,5663,5656,8612,8667,8546,8605,8624,8621,8567,8604,5683,8634,8637,8598
13,8606,5662,5658,8613,8667,8547,8605,8625,8624,8566,8605,5678,8635,8637,8598
13,8606,5663,5656,8612,8667,8546,8605,8624,8622,8567,8605,5677,8634,8636,8596
13,8606,5664,5657,8613,8667,8547,8605,8624,8622,8566,8604,5680,8634,8636,8597
14,8606,5663,5656,8613,8667,8546,8604,8622,8622,8566,8606,5677,8634,8637,8597
14,8606,5663,5659,8613,8667,8546,8605,8624,8621,8567,8604,5679,8635,8636,8597
14,8606,5663,5656,8612,8667,8547,8605,8622,8623,8565,8605,5681,8635,8636,8598
14,8606,5663,5656,8613,8667,8547,8605,8623,8622,8566,8605,5674,8635,8636,8598
13,8606,5661,5656,8613,8667,8547,8605,8623,8621,8567,8604,5679,8635,8637,8598
13,8606,5663,5660,8613,8667,8547,8605,8623,8622,8567,8605,5678,8635,8636,8598
13,8606,5663,5657,8613,8668,8547,8605,8624,8622,8568,8605,5678,8635,8637,8598
13,8606,5662,5658,8613,8667,8547,8605,8624,8620,8568,8605,5677,8635,8636,8598
14,8606,5663,5658,8613,8668,8547,8605,8624,8622,8565,8605,5685,8635,8636,8598
13,8606,5661,5657,8613,8668,8547,8605,8624,8623,8567,8604,5683,8635,8636,8598
13,8606,5662,5656,8613,8668,8547,8605,8622,8623,8566,8604,5677,8634,8636,8598
13,8606,5660,5658,8614,8668,8547,8605,8624,8623,8568,8604,5674,8635,8638,8597
13,8607,5664,5656,8613,8668,8547,8606,8624,8622,8566,8605,5685,8635,8637,8598
13,8607,5665,5655,8614,8668,8548,8606,8624,8622,8568,8604,5679,8635,8637,8599
14,8606,5666,5663,8613,8668,8547,8605,8624,8623,8568,8605,5680,8635,8637,8598
14,8606,5667,5667,8613,8668,8548,8605,8624,8623,8567,8605,5677,8634,8636,8598
13,8607,5669,5665,8613,8668,8547,8605,8623,8623,8569,8604,5677,8635,8636,8597
13,8606,5673,5671,8613,8668,8547,8605,8625,8622,8566,8606,5683,8635,8637,8597
14,8606,5675,5678,8613,8668,8547,8605,8625,8622,8567,8604,5688,8635,8635,8597
14,8606,5675,5680,8613,8668,8547,8604,8623,8623,8567,8605,5680,8635,8636,8598
13,8606,5676,5680,8616,8668,8559,8619,8624,8624,8568,8605,5683,8635,8639,8613
13,8606,5669,5674,8610,8668,8545,8605,8624,8627,8572,8604,5680,8663,8655,8607
14,8606,5666,5664,8609,8667,8546,8605,8623,8628,8576,8605,5681,8660,8645,8606
13,8606,5665,5662,8609,8668,8546,8604,8623,8627,8578,8604,5680,8657,8642,8604
14,8606,5661,5660,8610,8667,8545,8604,8623,8629,8576,8604,5679,8655,8639,8604
13,8606,5663,5659,8610,8667,8545,8604,8623,8629,8577,8604,5679,8651,8638,8605
13,8606,5664,5661,8609,8668,8545,8604,8622,8628,8577,8606,5675,8650,8637,8605
14,8606,5665,5658,8610,8668,8546,8605,8620,8627,8578,8605,5679,8648,8637,8605
14,8606,5664,5661,8610,8668,8546,8604,8622,8628,8577,8603,5679,8646,8637,8605
13,8607,5662,5659,8609,8668,8545,8604,8623,8627,8577,8606,5679,8645,8637,8605
13,8606,5665,5658,8610,8668,8545,8604,8623,8626,8577,8605,5681,8645,8637,8606
14,8607,5665,5656,8610,8668,8546,8605,8622,8628,8578,8605,5679,8643,8637,8605
13,8606,5661,5660,8609,8668,8545,8604,8623,8630,8577,8605,5678,8641,8638,8605
13,8606,5664,5656,8609,8668,8545,8605,8622,8626,8577,8606,5680,8641,8637,8605
14,8606,5665,5658,8610,8668,8546,8604,8622,8629,8575,8606,5678,8640,8637,8604
14,8606,5664,5660,8609,8667,8545,8604,8623,8629,8575,8605,5679,8638,8636,8605
14,8606,5663,5658,8609,8668,8545,8605,8621,8629,8576,8605,5680,8638,8636,8604
13,8607,5666,5658,8610,8668,8545,8604,8623,8628,8576,8603,5682,8639,8637,8605
14,8606,5665,5659,8610,8667,8546,8604,8623,8629,8577,8605,5679,8639,8637,8606
14,8607,5664,5658,8610,8668,8545,8604,8623,8628,8578,8606,5683,8638,8638,8606
14,8607,5664,5655,8609,8669,8545,8604,8623,8629,8575,8606,5683,8638,8637,8605
14,8606,5664,5656,8610,8668,8546,8605,8623,8629,8576,8606,5676,8638,8639,8606
14,8607,5665,5660,8610,8669,8546,8605,8623,8629,8577,8605,5683,8638,8639,8606
13,8608,5663,5658,8610,8669,8545,8605,8622,8628,8576,8606,5682,8637,8637,8606
14,8606,5664,5656,8609,8668,8545,8604,8623,8629,8575,8605,5682,8637,8636,8605
14,8607,5664,5661,8610,8668,8546,8604,8624,8628,8576,8605,5685,8638,8638,8606
13,8606,5662,5657,8610,8668,8546,8605,8623,8629,8577,8606,5680,8638,8638,8606
14,8606,5663,5658,8610,8668,8545,8604,8623,8628,8576,8605,5674,8637,8638,8606
13,8606,5664,5662,8610,8668,8546,8604,8622,8627,8577,8604,5681,8637,8637,8606
13,8606,5664,5662,8610,8668,8546,8605,8622,8627,8577,8606,5681,8637,8638,8606
14,8607,5665,5659,8610,8669,8546,8605,8625,8629,8577,8606,5673,8637,8638,8605
13,8607,5664,5658,8610,8669,8546,8604,8624,8629,8577,8606,5682,8637,8638,8605
13,8607,5663,5658,8611,8668,8546,8604,8625,8626,8574,8606,5677,8624,8636,8617
14,8608,5659,5650,8623,8669,8561,8616,8624,8624,8568,8607,5682,8612,8620,8600
14,8608,5651,5640,8614,8669,8548,8606,8626,8624,8567,8605,5675,8615,8627,8601
14,8608,5651,5639,8614,8669,8548,8606,8628,8622,8568,8607,5670,8618,8632,8600
14,8608,5649,5643,8614,8669,8548,8606,8626,8623,8567,8606,5678,8621,8635,8600
14,8608,5655,5644,8615,8670,8549,8606,8626,8623,8568,8607,5678,8622,8636,8600
13,8608,5652,5645,8615,8669,8548,8606,8625,8622,8568,8605,5678,8623,8636,8599
13,8607,5656,5649,8614,8669,8548,8606,8626,8623,8568,8606,5680,8625,8637,8599
14,8608,5659,5653,8614,8669,8548,8606,8626,8623,8566,8606,5680,8627,8636,8599
14,8608,5665,5654,8614,8669,8548,8606,8627,8624,8568,8605,5680,8628,8637,8600
13,8607,5662,5660,8614,8668,8548,8606,8625,8623,8568,8605,5680,8629,8638,8600
14,8608,5662,5658,8614,8669,8548,8606,8624,8623,8567,8605,5677,8628,8637,8600
13,8608,5663,5658,8614,8669,8548,8606,8624,8624,8566,8605,5678,8630,8637,8599
13,8608,5662,5656,8614,8669,8548,8605,8626,8623,8567,8605,5680,8631,8637,8599
13,8608,5663,5658,8614,8669,8548,8606,8625,8622,8568,8605,5678,8632,8638,8600
14,8607,5662,5659,8614,8668,8547,8606,8625,8623,8567,8606,5681,8632,8638,8599
13,8608,5664,5660,8614,8669,8547,8606,8625,8622,8568,8606,5679,8633,8637,8599
14,8608,5663,5659,8614,8669,8548,8605,8626,8622,8568,8607,5679,8633,8637,8599
14,8608,5663,5659,8614,8669,8548,8606,8625,8621,8568,8604,5680,8633,8638,8600
13,8608,5663,5658,8614,8669,8548,8606,8625,8622,8567,8608,5678,8633,8636,8599
13,8608,5664,5661,8615,8669,8548,8606,8626,8623,8568,8607,5684,8634,8637,8600
14,8608,5663,5660,8614,8668,8548,8606,8625,8624,8569,8605,5682,8634,8637,8599
14,8608,5663,5659,8614,8669,8548,8606,8624,8624,8566,8606,5679,8634,8638,8599
13,8608,5664,5659,8614,8669,8548,8606,8626,8623,8568,8606,5683,8635,8637,8599
13,8608,5662,5662,8614,8668,8548,8605,8627,8623,8568,8605,5682,8635,8638,8599
14,8608,5664,5657,8615,8669,8548,8606,8626,8623,8568,8604,5683,8635,8638,8600
14,8608,5664,5659,8614,8669,8548,8606,8626,8620,8567,8606,5676,8634,8638,8599
14,8608,5663,5657,8614,8669,8548,8606,8625,8624,8568,8606,5676,8635,8637,8599
14,8608,5664,5661,8614,8669,8548,8606,8626,8622,8568,8605,5679,8635,8638,8599
13,8608,5663,5657,8614,8669,8548,8606,8625,8624,8570,8606,5682,8636,8638,8599
14,8608,5663,5657,8614,8668,8548,8606,8625,8623,8567,8605,5680,8635,8638,8600
14,8608,5664,5657,8614,8669,8548,8606,8626,8622,8567,8607,5682,8635,8638,8599
14,8608,5664,5658,8615,8669,8548,8606,8626,8623,8567,8606,5676,8635,8638,8600
13,8608,5664,5658,8614,8668,8548,8607,8625,8623,8567,8605,5679,8636,8639,8600
14,8608,5662,5660,8614,8669,8548,8606,8627,8625,8569,8605,5677,8636,8638,8599
14,8608,5665,5661,8615,8669,8548,8606,8627,8624,8570,8605,5680,8636,8638,8599
14,8608,5662,5656,8615,8669,8548,8606,8624,8622,8567,8605,5681,8637,8638,8599
12,8608,5663,5659,8614,8669,8548,8606,8627,8623,8567,8607,5680,8637,8638,8601
14,8608,5663,5660,8614,8669,8548,8605,8626,8624,8569,8605,5678,8635,8639,8599
13,8608,5664,5658,8614,8669,8548,8606,8624,8626,8568,8606,5677,8636,8637,8600
13,8608,5663,5657,8614,8669,8548,8606,8625,8622,8568,8606,5678,8636,8638,8600
14,8608,5662,5660,8614,8669,8548,8605,8626,8624,8566,8606,5682,8636,8638,8600
13,8608,5663,5660,8614,8669,8548,8606,8626,8623,8567,8606,5675,8636,8637,8599
13,8605,5663,5658,8612,8666,8545,8603,8623,8621,8566,8604,5677,8632,8635,8596
14,8605,5660,5658,8612,8666,8545,8603,8623,8621,8566,8605,5681,8633,8635,8595
13,8605,5663,5659,8611,8666,8546,8603,8623,8621,8565,8604,5678,8633,8634,8595
14,8606,5663,5657,8612,8667,8545,8603,8623,8624,8564,8603,5681,8633,8635,8596
14,8605,5664,5660,8611,8665,8545,8603,8622,8622,8565,8603,5678,8633,8634,8596
13,8605,5660,5656,8611,8665,8544,8602,8623,8620,8566,8603,5682,8632,8633,8594
14,8604,5661,5658,8610,8665,8543,8602,8621,8620,8565,8602,5680,8632,8633,8595
14,8604,5663,5657,8610,8665,8544,8602,8622,8620,8564,8601,5678,8631,8633,8595
14,8605,5662,5661,8611,8665,8544,8602,8622,8619,8565,8603,5677,8632,8633,8595
14,8605,5661,5658,8611,8666,8545,8603,8623,8620,8566,8603,5675,8632,8634,8595
14,8605,5663,5657,8611,8666,8545,8603,8623,8621,8564,8603,5676,8632,8634,8596
13,8605,5661,5656,8611,8665,8545,8602,8621,8620,8565,8602,5675,8632,8633,8596
14,8605,5658,5658,8611,8666,8545,8603,8622,8621,8566,8602,5680,8632,8635,8596
13,8605,5660,5655,8611,8666,8544,8603,8623,8622,8565,8603,5676,8633,8633,8594
13,8605,5660,5657,8611,8666,8545,8603,8622,8621,8566,8604,5683,8633,8634,8595
14,8605,5663,5659,8611,8665,8545,8603,8623,8622,8566,8602,5680,8632,8634,8595
14,8606,5663,5658,8611,8665,8544,8602,8622,8621,8565,8604,5676,8632,8634,8595
13,8605,5662,5656,8610,8665,8544,8603,8623,8621,8565,8604,5678,8631,8634,8595
14,8605,5663,5658,8611,8665,8545,8602,8623,8621,8566,8603,5683,8632,8634,8597
13,8605,5662,5655,8611,8666,8545,8602,8623,8620,8565,8603,5675,8633,8633,8596
13,8605,5663,5658,8610,8666,8544,8603,8623,8620,8565,8603,5682,8632,8634,8596
