13,8604,5662,5654,8610,8665,8544,8602,8622,8621,8567,8601,5679,8632,8633,8597
14,8604,5661,5657,8610,8664,8543,8602,8623,8621,8566,8601,5680,8633,8633,8596
14,8604,5662,5656,8610,8664,8544,8602,8622,8620,8567,8602,5680,8633,8634,8597
14,8603,5661,5654,8611,8664,8544,8602,8622,8619,8564,8602,5679,8632,8633,8597
13,8604,5662,5658,8610,8664,8544,8602,8622,8621,8566,8602,5682,8632,8634,8597
14,8604,5662,5656,8611,8664,8544,8602,8622,8622,8567,8602,5678,8632,8634,8597
13,8605,5663,5656,8611,8664,8544,8602,8622,8622,8567,8602,5682,8633,8632,8598
13,8604,5661,5657,8611,8665,8544,8602,8622,8622,8566,8602,5679,8632,8633,8598
13,8605,5663,5655,8610,8665,8544,8602,8622,8623,8566,8602,5683,8633,8634,8597
14,8604,5663,5654,8610,8664,8544,8602,8621,8620,8567,8601,5675,8633,8633,8596
14,8604,5664,5657,8611,8664,8545,8602,8621,8621,8567,8600,5681,8632,8634,8597
13,8605,5663,5659,8611,8665,8544,8602,8622,8621,8566,8600,5678,8632,8634,8597
14,8605,5663,5657,8610,8664,8544,8602,8623,8621,8567,8601,5679,8631,8633,8597
13,8604,5663,5656,8610,8664,8544,8602,8621,8621,8568,8601,5690,8632,8634,8597
13,8604,5664,5654,8610,8664,8544,8602,8622,8621,8567,8601,5682,8632,8632,8597
13,8604,5663,5659,8610,8664,8544,8602,8620,8617,8567,8601,5672,8632,8633,8597
13,8603,5660,5656,8610,8664,8544,8602,8621,8622,8567,8602,5678,8632,8634,8597
13,8604,5662,5654,8610,8664,8544,8602,8621,8620,8566,8601,5679,8631,8634,8597
13,8604,5664,5656,8611,8664,8544,8602,8623,8620,8567,8602,5677,8632,8633,8597
14,8604,5663,5655,8611,8665,8545,8602,8621,8622,8566,8602,5678,8632,8634,8597
14,8604,5663,5654,8611,8665,8544,8603,8621,8621,8566,8599,5676,8632,8634,8598
13,8604,5663,5654,8610,8664,8544,8602,8622,8622,8568,8601,5677,8632,8632,8598
13,8605,5663,5657,8611,8664,8544,8602,8622,8622,8568,8602,5679,8633,8635,8596
14,8605,5662,5656,8611,8665,8544,8602,8623,8622,8567,8601,5679,8632,8634,8597
13,8604,5665,5657,8611,8664,8544,8603,8623,8622,8568,8601,5681,8633,8634,8598
13,8605,5665,5665,8612,8665,8546,8603,8623,8622,8568,8602,5682,8633,8635,8598
13,8605,5667,5673,8612,8666,8545,8604,8621,8621,8568,8602,5679,8634,8635,8597
13,8605,5668,5672,8611,8665,8545,8603,8623,8624,8567,8603,5681,8634,8635,8598
13,8605,5674,5676,8612,8665,8546,8603,8623,8623,8567,8603,5682,8633,8635,8598
14,8606,5674,5680,8611,8666,8545,8604,8623,8623,8570,8602,5678,8633,8635,8599
14,8608,5671,5677,8619,8665,8549,8608,8626,8626,8568,8602,5677,8635,8654,8619
14,8605,5668,5666,8607,8666,8544,8603,8623,8636,8576,8602,5680,8653,8648,8610
14,8605,5661,5663,8607,8666,8543,8603,8623,8636,8578,8603,5677,8652,8642,8608
14,8606,5664,5663,8608,8667,8544,8603,8622,8636,8579,8604,5683,8649,8639,8607
13,8605,5665,5657,8607,8667,8544,8603,8621,8636,8578,8604,5687,8648,8637,8609
13,8605,5664,5657,8608,8666,8544,8603,8623,8634,8578,8605,5683,8644,8636,8609
13,8606,5664,5660,8607,8666,8544,8603,8621,8635,8579,8603,5676,8643,8637,8607
14,8606,5662,5656,8607,8667,8544,8603,8623,8634,8579,8604,5683,8643,8637,8608
13,8606,5664,5656,8607,8667,8544,8603,8623,8634,8580,8606,5686,8643,8636,8609
14,8606,5664,5658,8607,8667,8544,8603,8623,8635,8579,8603,5678,8640,8636,8609
13,8606,5665,5659,8607,8667,8544,8602,8621,8634,8579,8604,5679,8640,8637,8609
13,8605,5664,5656,8607,8667,8543,8603,8622,8634,8580,8603,5683,8641,8635,8609
14,8606,5664,5657,8607,8667,8544,8603,8622,8635,8578,8604,5679,8639,8636,8609
14,8606,5661,5656,8608,8667,8544,8604,8622,8633,8580,8605,5675,8638,8636,8609
14,8606,5663,5659,8608,8667,8544,8604,8623,8633,8579,8603,5677,8638,8636,8608
13,8605,5664,5655,8608,8667,8544,8604,8622,8633,8579,8603,5675,8637,8636,8609
14,8606,5660,5655,8607,8666,8544,8603,8622,8633,8580,8604,5679,8637,8636,8608
14,8606,5663,5660,8607,8667,8543,8603,8622,8634,8578,8603,5683,8637,8636,8608
14,8606,5663,5655,8607,8667,8543,8603,8621,8633,8577,8604,5679,8636,8636,8608
14,8605,5662,5652,8607,8667,8544,8603,8622,8633,8577,8604,5681,8636,8635,8609
14,8606,5661,5657,8607,8667,8544,8603,8621,8634,8578,8604,5680,8636,8635,8608
14,8606,5664,5656,8608,8667,8544,8603,8621,8632,8577,8605,5678,8636,8636,8609
14,8606,5664,5655,8607,8667,8544,8603,8622,8632,8578,8603,5676,8637,8635,8608
13,8605,5663,5657,8607,8667,8544,8603,8621,8632,8577,8603,5679,8635,8636,8608
14,8606,5663,5659,8607,8666,8544,8603,8620,8632,8576,8604,5680,8634,8637,8608
14,8606,5662,5655,8607,8666,8544,8603,8621,8634,8577,8605,5678,8636,8636,8609
13,8606,5665,5658,8608,8666,8544,8603,8620,8632,8577,8605,5675,8635,8636,8609
13,8606,5663,5660,8607,8666,8544,8603,8622,8631,8577,8604,5681,8635,8635,8608
14,8606,5663,5658,8607,8666,8544,8603,8621,8633,8577,8602,5684,8635,8635,8608
14,8606,5662,5657,8608,8667,8544,8603,8622,8633,8576,8605,5681,8635,8636,8608
13,8606,5661,5656,8607,8666,8544,8603,8622,8630,8576,8603,5682,8635,8636,8608
13,8606,5661,5658,8607,8667,8544,8603,8622,8631,8577,8604,5680,8634,8635,8609
14,8606,5663,5653,8609,8666,8545,8605,8625,8628,8569,8603,5682,8621,8622,8614
14,8607,5653,5645,8611,8666,8548,8612,8623,8621,8567,8604,5674,8618,8623,8601
13,8607,5653,5638,8612,8666,8546,8604,8625,8620,8566,8604,5676,8620,8629,8599
14,8606,5650,5643,8613,8667,8546,8604,8625,8620,8567,8604,5676,8622,8631,8599
13,8607,5654,5642,8613,8667,8546,8604,8623,8622,8567,8604,5682,8623,8633,8599
13,8606,5655,5646,8613,8666,8546,8604,8623,8619,8567,8605,5681,8626,8635,8599
14,8606,5656,5648,8613,8667,8546,8605,8625,8620,8567,8604,5679,8626,8636,8599
13,8606,5660,5651,8612,8666,8546,8604,8624,8620,8566,8602,5678,8627,8634,8599
14,8606,5661,5655,8613,8666,8546,8604,8624,8619,8568,8602,5683,8627,8634,8598
13,8606,5662,5658,8612,8666,8546,8604,8624,8619,8566,8603,5688,8628,8635,8598
14,8606,5661,5653,8612,8666,8546,8604,8622,8620,8567,8603,5680,8629,8635,8598
14,8606,5662,5654,8613,8666,8546,8604,8622,8620,8566,8603,5678,8629,8636,8598
14,8606,5661,5658,8612,8666,8546,8603,8624,8620,8566,8602,5685,8630,8634,8598
14,8606,5661,5657,8612,8666,8545,8603,8621,8620,8566,8602,5681,8631,8635,8597
14,8606,5663,5657,8612,8666,8545,8604,8624,8620,8565,8604,5678,8630,8635,8598
13,8606,5663,5658,8612,8666,8546,8604,8625,8621,8565,8603,5679,8631,8634,8599
14,8606,5660,5657,8613,8666,8546,8604,8624,8620,8566,8603,5680,8631,8635,8599
13,8606,5665,5658,8612,8666,8546,8604,8624,8620,8565,8602,5680,8631,8635,8598
14,8605,5664,5655,8612,8666,8546,8604,8623,8620,8565,8603,5677,8632,8635,8599
13,8606,5664,5656,8612,8666,8546,8603,8624,8621,8565,8603,5680,8632,8636,8598
13,8606,5660,5658,8612,8666,8545,8603,8624,8620,8566,8604,5684,8633,8635,8599
13,8606,5663,5653,8612,8666,8546,8603,8623,8620,8566,8604,5674,8633,8635,8598
14,8605,5664,5655,8613,8666,8546,8603,8624,8620,8566,8602,5678,8633,8635,8598
14,8606,5663,5659,8613,8666,8546,8603,8624,8621,8566,8604,5680,8632,8635,8598
13,8606,5663,5658,8612,8666,8546,8604,8624,8621,8566,8604,5676,8633,8635,8597
13,8605,5664,5657,8612,8666,8546,8604,8623,8620,8567,8605,5676,8632,8635,8598
14,8606,5664,5657,8612,8666,8546,8604,8624,8621,8566,8602,5681,8633,8634,8598
14,8605,5659,5657,8612,8666,8546,8603,8623,8620,8565,8604,5681,8632,8635,8598
13,8606,5663,5657,8613,8666,8545,8603,8623,8619,8566,8602,5675,8633,8635,8597
14,8605,5663,5655,8612,8665,8545,8603,8623,8620,8566,8603,5680,8632,8634,8597
14,8606,5662,5657,8612,8665,8546,8604,8623,8619,8565,8602,5679,8633,8634,8598
14,8605,5661,5657,8612,8666,8545,8603,8625,8621,8566,8601,5678,8632,8635,8598
13,8606,5664,5657,8611,8666,8546,8604,8623,8620,8566,8603,5680,8633,8635,8598
14,8606,5662,5654,8612,8665,8546,8604,8623,8619,8566,8603,5680,8634,8634,8598
14,8606,5665,5658,8612,8666,8546,8604,8624,8620,8564,8603,5683,8633,8635,8598
14,8606,5662,5656,8612,8666,8546,8604,8623,8620,8567,8604,5676,8633,8635,8598
13,8606,5663,5654,8612,8666,8545,8604,8624,8621,8566,8602,5679,8634,8635,8598
13,8606,5663,5656,8612,8666,8546,8604,8623,8619,8566,8602,5678,8634,8635,8599
14,8606,5663,5656,8612,8666,8545,8603,8624,8621,8566,8603,5681,8634,8635,8598
13,8605,5661,5656,8612,8666,8545,8604,8623,8620,8564,8602,5682,8633,8634,8598
13,8604,5663,5654,8611,8664,8544,8602,8622,8620,8565,8602,5682,8632,8633,8596
14,8605,5662,5657,8612,8665,8545,8603,8623,8621,8566,8602,5677,8631,8634,8597
14,8605,5661,5654,8612,8666,8545,8604,8624,8621,8566,8602,5680,8633,8634,8598
14,8606,5663,5655,8612,8666,8546,8604,8625,8621,8566,8604,5680,8633,8635,8597
13,8606,5661,5658,8613,8666,8546,8604,8623,8620,8567,8602,5681,8633,8635,8598
14,8605,5663,5654,8612,8666,8546,8603,8624,8621,8567,8604,5679,8632,8634,8597
14,8605,5664,5657,8612,8666,8545,8604,8624,8621,8565,8604,5679,8633,8634,8597
14,8605,5664,5657,8612,8666,8546,8604,8623,8619,8566,8603,5678,8634,8634,8598
14,8605,5664,5659,8612,8666,8546,8603,8624,8620,8566,8604,5684,8633,8635,8597
13,8605,5661,5658,8613,8666,8546,8603,8622,8620,8568,8604,5677,8633,8634,8597
13,8606,5662,5652,8613,8666,8546,8604,8624,8621,8566,8604,5681,8633,8634,8597
14,8605,5660,5657,8612,8665,8545,8604,8623,8621,8566,8603,5676,8633,8635,8598
14,8606,5664,5656,8613,8666,8546,8604,8624,8622,8567,8603,5684,8633,8634,8598
13,8606,5663,5656,8612,8666,8546,8604,8623,8619,8566,8603,5684,8633,8635,8598
14,8605,5663,5657,8613,8666,8546,8604,8624,8620,8566,8604,5675,8634,8635,8598
13,8605,5663,5658,8613,8666,8546,8604,8624,8621,8566,8603,5682,8633,8634,8597
13,8605,5664,5656,8612,8666,8546,8603,8623,8622,8567,8603,5680,8633,8635,8596
14,8605,5663,5654,8612,8666,8546,8604,8623,8620,8565,8603,5677,8634,8635,8599
14,8606,5661,5656,8613,8666,8546,8604,8624,8620,8567,8603,5678,8633,8635,8598
14,8606,5661,5658,8612,8666,8546,8604,8623,8622,8565,8603,5680,8633,8634,8598
14,8606,5663,5656,8612,8666,8546,8604,8625,8622,8567,8604,5677,8632,8634,8597
13,8605,5660,5658,8612,8666,8546,8604,8623,8621,8566,8602,5680,8634,8634,8597
14,8606,5663,5659,8613,8666,8545,8603,8624,8621,8567,8603,5675,8634,8635,8598
14,8606,5663,5657,8613,8666,8546,8604,8625,8621,8566,8602,5678,8633,8634,8598
14,8606,5663,5655,8613,8666,8546,8604,8623,8621,8566,8603,5677,8634,8634,8597
14,8606,5663,5657,8612,8666,8546,8604,8625,8621,8568,8603,5681,8633,8634,8598
14,8606,5664,5658,8612,8666,8546,8604,8624,8621,8566,8604,5681,8633,8634,8597
13,8605,5663,5653,8612,8666,8545,8603,8623,8622,8565,8603,5683,8632,8634,8597
14,8606,5662,5656,8612,8666,8546,8604,8625,8620,8567,8604,5675,8634,8634,8598
14,8605,5663,5657,8613,8666,8546,8604,8623,8620,8566,8602,5681,8632,8635,8598
13,8606,5664,5657,8612,8667,8546,8604,8625,8620,8567,8603,5682,8633,8635,8597
13,8606,5663,5658,8612,8666,8546,8604,8623,8619,8567,8603,5679,8634,8634,8596
13,8605,5664,5657,8612,8665,8546,8603,8623,8620,8567,8602,5683,8633,8634,8597
13,8605,5665,5662,8612,8666,8546,8604,8624,8623,8567,8604,5680,8633,8634,8598
13,8606,5667,5667,8613,8667,8546,8604,8623,8620,8567,8602,5686,8634,8635,8599
13,8606,5670,5665,8613,8666,8547,8604,8624,8622,8568,8604,5682,8635,8635,8598
14,8606,5671,5673,8613,8666,8547,8604,8625,8621,8567,8603,5683,8634,8636,8598
14,8606,5673,5677,8613,8667,8546,8605,8625,8622,8568,8604,5682,8634,8636,8599
13,8607,5675,5678,8613,8667,8547,8605,8625,8622,8566,8604,5686,8634,8635,8599
14,8609,5674,5675,8626,8668,8555,8608,8627,8624,8567,8605,5682,8639,8656,8622
14,8606,5668,5671,8609,8667,8546,8604,8628,8629,8574,8604,5676,8658,8649,8609
13,8606,5664,5662,8610,8668,8546,8605,8628,8630,8575,8605,5687,8655,8643,8610
14,8605,5663,5660,8610,8667,8546,8604,8627,8630,8574,8605,5675,8653,8639,8610
14,8606,5663,5658,8610,8667,8546,8604,8628,8631,8575,8605,5680,8650,8638,8609
14,8606,5661,5658,8610,8668,8546,8604,8627,8630,8576,8605,5684,8648,8638,8609
14,8606,5662,5661,8610,8667,8545,8605,8627,8631,8575,8605,5678,8648,8637,8610
13,8606,5664,5656,8610,8668,8546,8604,8629,8632,8576,8605,5674,8645,8637,8610
14,8606,5664,5659,8610,8668,8546,8604,8627,8631,8575,8603,5681,8644,8636,8610
13,8606,5664,5656,8610,8668,8546,8605,8626,8630,8574,8607,5678,8643,8637,8610
13,8606,5664,5653,8610,8667,8545,8604,8627,8630,8574,8604,5678,8642,8637,8610
13,8606,5662,5659,8610,8668,8546,8604,8628,8632,8573,8604,5679,8641,8637,8609
14,8607,5661,5655,8610,8668,8546,8605,8627,8628,8575,8606,5681,8641,8637,8609
13,8607,5661,5659,8610,8668,8546,8604,8627,8630,8574,8606,5685,8640,8637,8610
14,8606,5662,5655,8610,8668,8546,8605,8627,8631,8575,8604,5678,8639,8637,8609
14,8606,5663,5656,8610,8668,8545,8604,8629,8630,8575,8605,5680,8638,8637,8609
13,8606,5664,5656,8610,8668,8546,8605,8627,8632,8574,8606,5681,8638,8636,8608
14,8606,5664,5659,8610,8668,8546,8604,8628,8630,8575,8605,5680,8638,8636,8610
13,8606,5664,5659,8610,8668,8546,8604,8625,8630,8573,8605,5678,8637,8637,8609
14,8606,5663,5662,8610,8668,8545,8605,8627,8631,8574,8606,5679,8637,8637,8609
14,8607,5664,5655,8610,8668,8546,8605,8628,8629,8575,8605,5683,8638,8637,8609
14,8606,5663,5656,8610,8667,8546,8604,8628,8631,8574,8604,5677,8636,8637,8610
14,8606,5662,5656,8611,8668,8546,8605,8626,8630,8574,8606,5679,8637,8637,8609
14,8607,5663,5660,8610,8668,8546,8605,8627,8630,8574,8604,5677,8637,8637,8610
14,8606,5664,5659,8611,8668,8546,8605,8627,8630,8575,8605,5683,8637,8635,8610
14,8606,5664,5657,8611,8668,8547,8604,8628,8630,8574,8605,5679,8637,8637,8610
14,8607,5665,5657,8611,8668,8546,8605,8627,8630,8574,8605,5683,8637,8636,8609
13,8607,5664,5654,8610,8668,8546,8605,8628,8629,8573,8605,5682,8638,8637,8610
13,8606,5664,5659,8610,8668,8546,8604,8628,8629,8574,8605,5677,8637,8637,8609
13,8607,5661,5657,8610,8668,8546,8605,8628,8630,8574,8606,5679,8636,8636,8610
13,8607,5666,5660,8611,8668,8546,8605,8627,8630,8576,8603,5679,8637,8636,8609
14,8607,5664,5657,8610,8668,8546,8605,8629,8630,8575,8604,5682,8636,8636,8610
14,8608,5664,5654,8615,8668,8549,8605,8628,8625,8568,8605,5679,8618,8622,8611
13,8607,5652,5644,8614,8667,8548,8610,8627,8620,8568,8604,5678,8616,8623,8600
14,8606,5650,5641,8613,8667,8547,8606,8624,8620,8566,8605,5673,8618,8628,8599
14,8607,5654,5641,8614,8667,8547,8605,8625,8622,8568,8602,5678,8621,8632,8601
13,8607,5651,5643,8614,8667,8547,8605,8626,8620,8567,8604,5676,8622,8633,8599
14,8607,5654,5645,8614,8668,8547,8606,8622,8622,8567,8606,5675,8624,8635,8600
14,8607,5655,5645,8614,8667,8547,8605,8624,8620,8567,8604,5682,8626,8635,8599
13,8607,5660,5652,8613,8667,8547,8605,8625,8622,8567,8606,5679,8627,8636,8599
13,8607,5662,5657,8614,8667,8547,8605,8625,8620,8567,8605,5679,8627,8636,8599
13,8607,5661,5656,8614,8667,8547,8605,8624,8619,8568,8605,5678,8628,8635,8599
13,8606,5662,5657,8613,8667,8547,8605,8624,8622,8567,8605,5684,8628,8637,8599
13,8607,5663,5655,8614,8667,8548,8605,8626,8621,8567,8604,5677,8630,8636,8600
14,8607,5663,5654,8614,8667,8547,8605,8624,8619,8568,8605,5678,8630,8636,8599
14,8607,5664,5658,8614,8667,8547,8605,8626,8621,8566,8605,5679,8631,8636,8600
13,8607,5663,5656,8614,8667,8548,8605,8625,8619,8568,8604,5675,8631,8636,8599
13,8606,5661,5656,8614,8667,8547,8606,8625,8620,8567,8603,5682,8631,8635,8599
14,8607,5664,5657,8613,8667,8547,8605,8624,8620,8567,8606,5679,8632,8636,8598
14,8606,5663,5657,8614,8667,8547,8605,8624,8620,8566,8604,5679,8632,8636,8599
14,8607,5660,5658,8614,8667,8548,8605,8623,8621,8566,8603,5673,8632,8636,8599
14,8607,5664,5657,8614,8667,8547,8605,8623,8621,8567,8604,5675,8632,8636,8599
14,8607,5664,5655,8614,8667,8547,8606,8624,8620,8566,8604,5683,8633,8636,8598
14,8606,5663,5656,8613,8667,8547,8605,8624,8622,8567,8604,5676,8633,8635,8599
13,8607,5664,5660,8614,8667,8547,8605,8625,8619,8567,8606,5680,8633,8636,8599
14,8607,5662,5657,8614,8667,8547,8605,8624,8621,8566,8604,5677,8633,8636,8600
14,8607,5664,5657,8614,8667,8547,8605,8624,8621,8566,8606,5679,8633,8635,8598
14,8606,5661,5658,8614,8667,8547,8604,8624,8620,8568,8604,5682,8634,8635,8598
14,8607,5661,5657,8613,8667,8547,8605,8624,8621,8567,8604,5677,8634,8635,8599
14,8606,5664,5658,8613,8667,8547,8605,8625,8621,8568,8604,5678,8634,8636,8599
14,8606,5661,5657,8613,8667,8547,8605,8624,8620,8567,8604,5680,8633,8635,8598
13,8607,5661,5658,8613,8667,8547,8605,8625,8620,8567,8605,5678,8633,8636,8599
14,8607,5663,5656,8614,8667,8547,8605,8625,8620,8567,8605,5679,8634,8636,8598
14,8607,5662,5654,8613,8667,8547,8605,8625,8620,8567,8605,5679,8634,8636,8598
13,8606,5663,5660,8613,8667,8547,8605,8626,8621,8567,8605,5681,8634,8636,8599
14,8606,5661,5656,8613,8667,8547,8605,8624,8620,8567,8604,5682,8634,8635,8599
14,8607,5661,5656,8613,8667,8547,8605,8624,8620,8566,8604,5679,8634,8636,8598
14,8606,5663,5655,8614,8667,8547,8605,8624,8620,8568,8603,5681,8634,8636,8598
13,8607,5662,5660,8614,8667,8548,8605,8624,8621,8567,8604,5679,8635,8636,8598
14,8607,5664,5659,8614,8668,8547,8605,8625,8622,8568,8605,5682,8634,8635,8599
14,8606,5664,5656,8614,8667,8547,8605,8624,8622,8567,8604,5675,8634,8636,8598
14,8606,5663,5658,8613,8666,8547,8604,8624,8619,8566,8602,5678,8632,8635,8597
13,8605,5663,5656,8612,8666,8545,8604,8623,8619,8567,8604,5676,8632,8633,8597
13,8606,5663,5655,8612,8665,8546,8603,8621,8619,8564,8603,5679,8632,8634,8597
13,8605,5663,5656,8612,8665,8546,8603,8624,8619,8565,8602,5683,8633,8634,8597
14,8605,5663,5656,8612,8666,8546,8604,8624,8621,8566,8603,5685,8633,8635,8598
14,8606,5663,5655,8612,8667,8546,8604,8624,8621,8567,8604,5678,8634,8635,8598
13,8606,5661,5656,8613,8666,8547,8605,8622,8622,8563,8603,5676,8633,8634,8597
14,8605,5661,5655,8613,8667,8547,8604,8624,8621,8567,8603,5675,8633,8634,8598
14,8606,5663,5657,8613,8666,8546,8604,8623,8620,8567,8604,5680,8633,8635,8597
13,8606,5663,5658,8613,8666,8546,8604,8624,8619,8566,8604,5682,8633,8635,8597
13,8606,5665,5654,8613,8667,8546,8604,8624,8620,8566,8603,5680,8634,8634,8598
13,8606,5662,5658,8613,8666,8546,8604,8624,8621,8566,8604,5680,8633,8635,8598
14,8606,5664,5660,8613,8666,8546,8604,8625,8621,8566,8603,5680,8633,8634,8597
13,8606,5664,5654,8612,8667,8546,8604,8624,8621,8566,8604,5682,8634,8633,8597
14,8606,5663,5656,8613,8666,8546,8604,8623,8619,8566,8604,5680,8633,8635,8597
14,8606,5662,5657,8612,8666,8546,8604,8623,8620,8566,8603,5685,8632,8635,8597
14,8606,5663,5656,8613,8666,8546,8604,8622,8622,8567,8603,5677,8634,8635,8598
14,8605,5664,5657,8613,8666,8546,8604,8625,8621,8566,8604,5682,8634,8636,8597
13,8606,5661,5654,8613,8666,8546,8603,8624,8620,8567,8603,5676,8632,8634,8598
14,8606,5663,5654,8612,8666,8546,8604,8624,8620,8566,8603,5681,8633,8635,8598
14,8605,5662,5656,8612,8666,8546,8604,8623,8620,8566,8604,5681,8633,8634,8597
13,8605,5662,5654,8612,8666,8546,8604,8624,8621,8565,8604,5680,8633,8635,8598
14,8606,5663,5656,8612,8666,8546,8604,8624,8621,8567,8604,5679,8633,8635,8598
13,8606,5664,5658,8613,8666,8546,8604,8623,8622,8567,8605,5676,8633,8634,8598
13,8605,5664,5657,8613,8666,8546,8604,8623,8621,8566,8604,5677,8633,8635,8597
14,8606,5663,5658,8613,8666,8547,8604,8624,8621,8566,8602,5679,8633,8635,8597
13,8606,5661,5655,8613,8666,8546,8604,8624,8620,8567,8605,5680,8633,8634,8597
14,8606,5664,5654,8613,8666,8546,8604,8623,8622,8566,8604,5679,8633,8634,8598
13,8605,5663,5656,8613,8666,8546,8604,8624,8621,8567,8603,5682,8634,8635,8597
13,8606,5664,5657,8613,8666,8547,8604,8624,8622,8567,8604,5680,8634,8635,8598
13,8606,5664,5659,8613,8666,8546,8604,8625,8621,8564,8603,5681,8633,8636,8597
14,8606,5664,5657,8613,8667,8546,8605,8624,8620,8568,8603,5676,8634,8635,8597
14,8605,5664,5657,8613,8666,8547,8604,8624,8621,8567,8603,5680,8633,8635,8598
14,8606,5662,5658,8613,8666,8546,8604,8623,8620,8566,8601,5680,8633,8634,8597
14,8606,5662,5662,8613,8667,8546,8604,8625,8621,8567,8602,5679,8633,8635,8597
13,8606,5668,5665,8613,8667,8546,8605,8624,8621,8568,8604,5678,8634,8634,8596
14,8606,5667,5668,8613,8666,8546,8605,8623,8619,8567,8602,5688,8634,8636,8599
14,8606,5671,5674,8613,8667,8547,8605,8623,8621,8568,8603,5682,8635,8636,8598
13,8607,5674,5674,8613,8668,8547,8606,8623,8623,8566,8603,5681,8634,8635,8598
14,8606,5673,5678,8613,8667,8547,8605,8624,8621,8568,8605,5681,8634,8635,8598
13,8608,5673,5680,8626,8668,8556,8609,8624,8624,8568,8604,5683,8639,8658,8619
14,8606,5668,5669,8610,8667,8546,8604,8621,8631,8577,8605,5681,8658,8646,8603
14,8606,5663,5659,8610,8667,8546,8604,8622,8632,8579,8604,5681,8656,8640,8602
14,8607,5662,5662,8611,8667,8547,8604,8622,8632,8580,8604,5679,8653,8639,8602
13,8607,5663,5662,8611,8668,8546,8605,8621,8629,8579,8605,5681,8650,8637,8603
14,8606,5663,5659,8611,8668,8546,8605,8622,8631,8577,8605,5679,8649,8637,8603
14,8607,5664,5660,8611,8668,8547,8605,8622,8630,8578,8605,5679,8646,8636,8603
14,8607,5663,5658,8611,8668,8547,8605,8622,8630,8578,8605,5679,8645,8637,8603
14,8607,5665,5659,8611,8668,8547,8605,8621,8631,8579,8605,5682,8645,8636,8602
14,8607,5665,5660,8612,8668,8547,8605,8622,8630,8580,8605,5682,8643,8636,8602
13,8607,5662,5659,8611,8668,8547,8605,8622,8631,8577,8605,5682,8641,8637,8602
13,8607,5663,5658,8611,8667,8546,8605,8621,8630,8578,8604,5680,8641,8636,8602
13,8607,5666,5658,8611,8668,8547,8605,8622,8631,8577,8604,5678,8640,8636,8603
14,8607,5665,5656,8611,8668,8547,8605,8620,8632,8579,8606,5686,8639,8637,8603
14,8607,5663,5660,8612,8668,8547,8604,8623,8631,8579,8605,5686,8639,8638,8603
14,8607,5664,5660,8611,8668,8547,8605,8623,8632,8578,8605,5676,8638,8637,8603
13,8607,5664,5661,8611,8668,8546,8605,8622,8630,8578,8605,5683,8638,8637,8602
14,8607,5665,5657,8611,8668,8547,8605,8623,8630,8578,8605,5680,8638,8636,8603
14,8607,5662,5657,8611,8668,8547,8605,8621,8630,8578,8605,5681,8638,8637,8603
14,8607,5664,5658,8611,8668,8546,8605,8623,8630,8578,8605,5682,8638,8637,8603
13,8607,5663,5658,8611,8668,8546,8605,8621,8630,8577,8605,5681,8637,8636,8602
14,8607,5662,5656,8611,8668,8546,8605,8624,8631,8577,8606,5683,8637,8637,8602
13,8607,5663,5658,8611,8668,8547,8605,8622,8630,8576,8605,5681,8637,8636,8603
14,8607,5664,5654,8611,8668,8546,8605,8622,8632,8577,8606,5680,8637,8637,8602
14,8608,5664,5659,8612,8668,8546,8605,8621,8631,8578,8605,5683,8636,8637,8603
13,8608,5664,5660,8611,8668,8547,8605,8624,8630,8578,8605,5681,8636,8637,8603
13,8607,5662,5657,8611,8668,8547,8605,8623,8631,8577,8605,5681,8636,8636,8603
14,8607,5665,5658,8611,8668,8547,8605,8622,8629,8577,8604,5680,8636,8636,8602
13,8607,5663,5658,8611,8668,8547,8605,8623,8631,8577,8605,5680,8636,8637,8603
13,8608,5663,5660,8612,8668,8547,8605,8623,8630,8576,8606,5681,8637,8637,8603
14,8607,5662,5659,8611,8668,8546,8605,8623,8629,8578,8604,5681,8636,8636,8604
13,8607,5663,5656,8611,8668,8546,8605,8623,8629,8577,8605,5684,8635,8637,8603
13,8608,5664,5656,8615,8668,8547,8605,8625,8623,8570,8604,5676,8619,8625,8612
14,8607,5652,5648,8615,8668,8549,8610,8624,8622,8567,8605,5677,8617,8625,8601
13,8607,5654,5641,8615,8669,8549,8607,8626,8622,8567,8606,5675,8618,8630,8600
13,8607,5654,5643,8615,8668,8548,8606,8626,8621,8568,8606,5675,8619,8632,8600
14,8608,5656,5644,8614,8668,8548,8606,8625,8622,8568,8605,5676,8622,8635,8599
14,8608,5656,5641,8615,8669,8548,8607,8626,8624,8566,8607,5679,8624,8636,8599
14,8608,5657,5645,8615,8669,8549,8606,8625,8622,8565,8605,5679,8626,8636,8600
13,8608,5661,5651,8614,8668,8548,8606,8626,8621,8567,8604,5683,8627,8637,8600
13,8607,5663,5656,8614,8668,8547,8605,8625,8619,8566,8606,5683,8627,8636,8600
14,8607,5664,5655,8613,8668,8547,8606,8625,8622,8565,8604,5675,8628,8637,8600
14,8607,5663,5653,8614,8667,8547,8605,8627,8621,8567,8604,5685,8629,8635,8599
13,8607,5663,5656,8614,8668,8547,8606,8626,8620,8567,8605,5675,8630,8637,8599
14,8607,5663,5658,8614,8667,8547,8606,8625,8621,8567,8605,5679,8630,8636,8599
15,8607,5664,5659,8614,8668,8548,8606,8625,8621,8565,8605,5681,8631,8635,8599
14,8607,5661,5658,8614,8668,8548,8605,8625,8619,8567,8604,5678,8631,8636,8598
14,8607,5661,5659,8613,8668,8547,8605,8623,8621,8566,8604,5682,8631,8635,8598
14,8607,5664,5660,8614,8667,8547,8605,8625,8622,8567,8604,5677,8632,8635,8599
14,8607,5663,5659,8614,8667,8548,8606,8626,8620,8568,8606,5681,8632,8636,8599
14,8608,5663,5655,8614,8668,8547,8605,8624,8621,8566,8605,5679,8633,8636,8599
14,8607,5663,5658,8614,8668,8548,8605,8625,8622,8568,8606,5676,8633,8636,8598
14,8607,5664,5655,8614,8668,8548,8605,8626,8621,8567,8605,5683,8633,8636,8599
13,8607,5661,5657,8614,8668,8548,8606,8626,8622,8567,8605,5679,8633,8636,8599
14,8607,5662,5658,8614,8668,8548,8606,8626,8621,8566,8605,5676,8633,8637,8599
14,8608,5665,5659,8614,8668,8548,8606,8625,8622,8566,8605,5680,8634,8636,8599
13,8607,5664,5659,8614,8668,8547,8606,8625,8621,8567,8606,5680,8633,8636,8599
14,8607,5663,5661,8615,8668,8548,8606,8626,8620,8567,8604,5679,8634,8636,8598
14,8607,5664,5656,8614,8668,8547,8606,8624,8622,8567,8605,5675,8633,8635,8598
13,8607,5664,5655,8614,8668,8547,8605,8624,8621,8568,8604,5681,8634,8636,8599
13,8607,5663,5657,8614,8668,8548,8605,8625,8622,8567,8605,5683,8634,8636,8599
13,8607,5661,5657,8614,8668,8548,8606,8626,8623,8567,8605,5681,8634,8636,8599
13,8607,5664,5659,8614,8668,8548,8605,8626,8622,8567,8605,5677,8635,8636,8598
13,8607,5664,5657,8614,8668,8548,8606,8625,8621,8566,8605,5677,8635,8636,8599
14,8607,5662,5658,8615,8668,8548,8606,8626,8622,8567,8605,5681,8635,8636,8599
13,8607,5663,5658,8615,8668,8548,8606,8625,8623,8568,8606,5678,8635,8637,8599
14,8607,5664,5657,8614,8668,8548,8606,8626,8622,8567,8605,5682,8634,8636,8599
13,8608,5663,5659,8614,8668,8548,8606,8625,8622,8567,8605,5677,8634,8636,8598
14,8608,5661,5657,8614,8667,8548,8606,8625,8622,8566,8605,5675,8634,8636,8598
14,8607,5665,5660,8614,8668,8548,8606,8624,8622,8568,8606,5685,8634,8637,8598
13,8607,5663,5658,8614,8668,8547,8606,8625,8623,8567,8605,5683,8634,8636,8599
14,8606,5660,5656,8613,8667,8547,8604,8623,8621,8566,8603,5676,8633,8634,8596
14,8605,5661,5657,8612,8666,8546,8604,8623,8620,8565,8603,5677,8634,8635,8597
13,8606,5664,5655,8613,8667,8546,8604,8624,8620,8565,8604,5681,8633,8635,8598
13,8606,5662,5659,8613,8667,8547,8604,8624,8622,8566,8604,5679,8635,8636,8598
14,8606,5663,5657,8613,8667,8547,8604,8625,8621,8566,8605,5675,8634,8636,8598
13,8606,5663,5655,8613,8667,8546,8604,8624,8619,8567,8603,5677,8634,8637,8599
14,8606,5662,5658,8613,8667,8547,8605,8625,8622,8567,8604,5678,8635,8636,8599
13,8606,5664,5658,8613,8667,8547,8605,8625,8620,8566,8605,5680,8634,8637,8599
13,8606,5664,5658,8613,8667,8547,8604,8623,8622,8566,8605,5681,8635,8637,8599
14,8606,5664,5658,8613,8667,8546,8605,8625,8622,8565,8604,5676,8635,8637,8598
13,8606,5662,5654,8613,8667,8547,8604,8625,8623,8565,8603,5680,8635,8636,8598
14,8606,5662,5655,8613,8667,8547,8605,8623,8619,8566,8604,5679,8635,8636,8598
14,8607,5662,5658,8613,8667,8547,8605,8625,8621,8567,8604,5685,8635,8637,8598
13,8606,5663,5658,8613,8667,8546,8605,8625,8621,8567,8604,5676,8635,8636,8598
13,8606,5663,5655,8613,8667,8547,8605,8624,8622,8567,8605,5681,8635,8636,8599
14,8606,5664,5659,8613,8667,8547,8605,8625,8622,8566,8604,5685,8635,8637,8599
14,8606,5664,5659,8613,8667,8547,8605,8623,8622,8566,8604,5675,8636,8636,8598
13,8607,5664,5660,8613,8668,8547,8605,8624,8620,8567,8604,5683,8634,8637,8598
14,8607,5662,5660,8613,8667,8547,8605,8625,8621,8567,8604,5680,8635,8637,8598
13,8607,5664,5661,8614,8668,8548,8605,8622,8622,8567,8604,5681,8635,8638,8600
14,8607,5664,5655,8613,8668,8547,8605,8625,8620,8567,8604,5679,8637,8637,8598
14,8606,5662,5653,8613,8667,8547,8605,8624,8623,8567,8605,5683,8636,8637,8600
14,8607,5662,5657,8613,8667,8547,8605,8624,8621,8567,8604,5683,8635,8637,8599
13,8606,5664,5658,8613,8667,8546,8605,8624,8621,8567,8605,5681,8635,8637,8598
13,8607,5664,5657,8613,8667,8547,8605,8625,8622,8566,8606,5678,8636,8637,8598
14,8606,5664,5657,8614,8667,8547,8605,8626,8623,8568,8604,5674,8635,8636,8599
13,8606,5662,5659,8613,8667,8547,8605,8625,8623,8567,8605,5674,8635,8637,8598
13,8606,5664,5657,8613,8667,8547,8605,8625,8620,8567,8604,5676,8635,8637,8599
13,8606,5663,5655,8613,8667,8546,8604,8624,8619,8566,8605,5679,8635,8638,8599
13,8606,5664,5660,8613,8667,8547,8605,8625,8621,8566,8603,5678,8636,8637,8599
13,8606,5661,5660,8613,8667,8547,8605,8624,8621,8567,8604,5684,8635,8637,8598
13,8606,5664,5658,8613,8667,8547,8605,8624,8622,8567,8604,5679,8636,8636,8598
14,8605,5662,5657,8613,8667,8546,8604,8623,8621,8567,8604,5677,8635,8635,8598
14,8606,5663,5659,8613,8667,8547,8604,8624,8622,8565,8605,5681,8635,8637,8599
14,8607,5663,5662,8614,8668,8548,8606,8625,8621,8568,8605,5678,8636,8637,8599
13,8606,5669,5667,8614,8668,8547,8605,8625,8622,8566,8605,5680,8637,8638,8599
13,8607,5668,5668,8614,8668,8548,8605,8626,8622,8568,8606,5690,8635,8637,8599
13,8607,5671,5673,8613,8668,8547,8605,8625,8621,8566,8606,5683,8635,8638,8599
13,8606,5672,5677,8612,8667,8547,8605,8624,8622,8567,8604,5684,8635,8636,8599
13,8606,5676,5679,8613,8668,8547,8605,8624,8621,8567,8605,5683,8634,8636,8598
14,8607,5676,5678,8625,8667,8558,8608,8627,8620,8567,8604,5683,8638,8655,8619
13,8605,5666,5671,8609,8667,8546,8604,8628,8631,8573,8604,5680,8655,8649,8607
13,8605,5665,5659,8609,8668,8546,8604,8626,8631,8572,8605,5678,8652,8643,8606
14,8605,5663,5659,8610,8668,8546,8604,8626,8631,8574,8603,5678,8651,8639,8605
13,8605,5664,5658,8610,8668,8546,8605,8627,8631,8574,8602,5678,8649,8639,8606
14,8606,5665,5659,8610,8668,8546,8605,8627,8632,8574,8604,5680,8648,8638,8606
14,8606,5665,5659,8610,8668,8546,8604,8627,8630,8574,8605,5682,8646,8637,8605
13,8606,5661,5660,8610,8668,8546,8604,8627,8632,8575,8606,5683,8646,8638,8606
13,8606,5664,5661,8610,8668,8546,8605,8627,8631,8575,8604,5681,8644,8638,8606
13,8606,5664,5659,8610,8668,8546,8605,8624,8632,8572,8605,5679,8643,8638,8605
14,8606,5663,5655,8610,8668,8546,8605,8626,8630,8574,8605,5684,8641,8637,8606
13,8606,5662,5656,8609,8668,8546,8604,8625,8632,8574,8605,5677,8641,8637,8606
14,8606,5664,5660,8610,8667,8546,8605,8625,8632,8575,8606,5681,8640,8639,8605
14,8605,5663,5661,8610,8668,8546,8604,8626,8630,8574,8605,5684,8640,8638,8606
13,8606,5662,5661,8610,8668,8547,8604,8627,8632,8575,8604,5679,8639,8638,8607
13,8606,5664,5660,8610,8668,8546,8604,8627,8632,8572,8605,5680,8640,8639,8606
14,8606,5664,5658,8610,8668,8546,8604,8627,8632,8574,8604,5681,8639,8638,8606
13,8605,5664,5658,8610,8668,8546,8605,8627,8631,8573,8605,5680,8638,8637,8606
14,8606,5665,5657,8610,8668,8546,8605,8627,8631,8574,8608,5680,8638,8637,8606
13,8605,5664,5661,8609,8668,8546,8604,8625,8631,8574,8606,5683,8637,8638,8606
14,8606,5662,5660,8610,8668,8546,8605,8627,8629,8575,8604,5690,8638,8637,8606
14,8606,5661,5657,8610,8668,8546,8604,8627,8631,8576,8604,5675,8638,8638,8606
14,8606,5663,5659,8610,8668,8546,8604,8626,8631,8574,8605,5681,8636,8637,8605
14,8606,5662,5659,8610,8668,8546,8605,8626,8630,8572,8606,5682,8638,8638,8606
14,8606,5663,5658,8610,8668,8546,8605,8626,8631,8572,8605,5676,8638,8637,8606
14,8606,5664,5658,8610,8668,8546,8604,8628,8631,8574,8606,5679,8637,8637,8607
13,8606,5664,5656,8610,8668,8546,8604,8625,8630,8573,8605,5678,8636,8638,8606
14,8606,5665,5654,8610,8668,8545,8605,8626,8629,8573,8605,5682,8637,8638,8606
14,8605,5664,5656,8610,8668,8546,8605,8626,8631,8574,8605,5682,8636,8637,8606
14,8606,5664,5658,8610,8668,8546,8605,8627,8630,8575,8604,5682,8637,8638,8606
14,8606,5665,5659,8610,8668,8546,8605,8625,8629,8574,8605,5677,8637,8637,8607
14,8605,5665,5656,8610,8668,8545,8605,8626,8630,8573,8605,5682,8637,8637,8606
13,8606,5664,5655,8615,8668,8549,8605,8627,8623,8569,8606,5684,8623,8625,8610
13,8607,5656,5646,8614,8668,8548,8607,8624,8620,8567,8605,5674,8620,8627,8601
14,8607,5653,5641,8614,8669,8548,8607,8625,8621,8568,8605,5674,8623,8632,8601
13,8606,5654,5639,8614,8668,8547,8605,8627,8621,8567,8606,5677,8625,8634,8600
14,8607,5656,5645,8614,8668,8548,8606,8624,8619,8567,8604,5675,8626,8636,8600
13,8607,5655,5643,8614,8668,8548,8606,8627,8623,8568,8606,5681,8627,8637,8600
14,8607,5656,5647,8614,8669,8548,8606,8625,8622,8567,8606,5677,8628,8637,8600
14,8607,5660,5646,8614,8668,8548,8606,8625,8621,8567,8605,5680,8630,8637,8601
13,8607,5662,5657,8614,8668,8548,8605,8625,8621,8567,8606,5676,8630,8637,8599
14,8607,5661,5658,8614,8668,8548,8606,8625,8621,8567,8606,5678,8630,8638,8600
14,8607,5663,5657,8614,8668,8548,8606,8624,8623,8567,8605,5679,8632,8637,8600
14,8607,5662,5656,8614,8668,8548,8605,8625,8622,8566,8606,5682,8632,8638,8600
13,8607,5660,5659,8614,8668,8548,8606,8625,8622,8568,8605,5684,8632,8638,8599
14,8607,5663,5655,8614,8668,8548,8606,8623,8621,8568,8606,5680,8634,8637,8600
14,8607,5664,5659,8614,8668,8548,8606,8624,8622,8568,8606,5682,8634,8638,8600
13,8607,5663,5659,8614,8668,8548,8605,8625,8621,8568,8604,5682,8634,8639,8600
14,8608,5664,5658,8614,8669,8548,8606,8625,8622,8568,8606,5681,8634,8638,8600
14,8606,5663,5658,8614,8668,8548,8606,8625,8619,8567,8605,5680,8633,8637,8600
13,8607,5664,5657,8614,8668,8548,8606,8626,8621,8568,8605,5678,8635,8638,8600
13,8608,5663,5661,8614,8668,8548,8605,8625,8619,8567,8605,5682,8634,8638,8600
13,8607,5665,5659,8614,8668,8548,8606,8626,8621,8568,8606,5679,8634,8639,8600
13,8607,5662,5659,8614,8668,8548,8606,8625,8622,8568,8606,5679,8635,8638,8599
14,8607,5665,5659,8614,8668,8548,8606,8624,8621,8567,8605,5682,8635,8638,8599
13,8607,5664,5661,8614,8669,8548,8606,8628,8622,8567,8605,5676,8635,8639,8600
14,8607,5665,5656,8614,8669,8548,8606,8626,8621,8567,8605,5680,8635,8637,8600
14,8607,5665,5658,8615,8668,8548,8606,8625,8623,8568,8606,5685,8636,8638,8601
13,8607,5664,5658,8614,8668,8548,8606,8625,8622,8567,8605,5682,8635,8639,8601
14,8607,5664,5656,8614,8668,8548,8606,8624,8621,8568,8606,5680,8636,8637,8599
14,8607,5664,5657,8614,8668,8548,8606,8625,8621,8568,8604,5674,8636,8638,8601
14,8607,5664,5658,8614,8668,8548,8606,8625,8621,8567,8606,5681,8635,8638,8600
14,8607,5664,5657,8614,8668,8548,8605,8624,8621,8568,8605,5676,8636,8638,8600
13,8607,5662,5659,8614,8668,8548,8605,8626,8622,8567,8605,5680,8636,8637,8599
13,8607,5664,5656,8614,8669,8548,8606,8625,8622,8568,8605,5679,8637,8637,8599
13,8607,5664,5658,8614,8668,8548,8606,8625,8621,8567,8605,5682,8635,8638,8599
13,8607,5661,5660,8613,8668,8548,8606,8625,8620,8568,8605,5675,8636,8638,8600
14,8607,5666,5661,8614,8668,8548,8606,8625,8622,8567,8605,5680,8637,8638,8600
14,8607,5664,5659,8614,8668,8547,8606,8625,8623,8568,8606,5681,8636,8638,8600
14,8607,5664,5659,8614,8668,8548,8605,8624,8622,8567,8605,5677,8636,8638,8599
13,8607,5662,5658,8614,8668,8547,8606,8623,8623,8568,8605,5678,8636,8637,8600
13,8607,5665,5659,8614,8668,8548,8606,8625,8622,8567,8604,5685,8635,8637,8600
14,8607,5663,5660,8614,8668,8548,8606,8625,8623,8569,8606,5683,8637,8637,8600
14,8607,5663,5658,8614,8668,8548,8605,8624,8623,8566,8605,5674,8636,8637,8599
13,8607,5666,5659,8613,8667,8547,8605,8623,8621,8565,8605,5680,8635,8636,8598
14,8606,5662,5656,8613,8667,8548,8605,8624,8621,8567,8606,5678,8635,8635,8598
14,8606,5661,5657,8613,8667,8546,8604,8623,8620,8567,8603,5678,8633,8636,8598
14,8606,5664,5657,8613,8667,8547,8605,8624,8619,8567,8604,5686,8634,8636,8599
14,8606,5663,5657,8613,8667,8546,8605,8623,8621,8567,8604,5682,8634,8636,8598
14,8605,5663,5659,8613,8666,8547,8604,8624,8621,8566,8603,5673,8634,8635,8597
13,8605,5663,5657,8612,8665,8546,8603,8622,8620,8566,8604,5678,8633,8633,8596
14,8604,5665,5654,8611,8665,8544,8603,8622,8618,8565,8603,5684,8633,8633,8597
